3263
9844
3282
4583
8376
4519
7446
5592
5003
9560
2308
3979
2554
8649
6518
8092
9179
9567
971
9490
6445
9628
5993
2158
5169
8205
9832
7086
2563
9008
478
5242
9391
2447
6502
8300
9568
1540
7884
2073
4051
9871
1936
1933
4099
7181
7419
3664
5022
6644
3812
6120
1625
1660
4326
2402
5656
6475
2699
1504
3112
5872
9933
4286
5806
5323
755
7138
9776
6349
3066
824
1116
372
9680
1463
6573
8129
9369
1835
7427
5876
6908
3349
2719
5669
9209
3943
3403
1140
9519
9132
6860
1600
251
4808
4081
2452
1433
699
4113
5958
997
9201
658
8446
8555
175
493
7418
3752
4996
8430
9322
3867
1017
8835
5753
4267
7981
3877
1547
8031
548
2988
647
1950
4288
8509
1496
3886
2070
3422
2434
8270
2213
697
2532
6857
3073
7922
3509
4292
4543
4163
9967
191
5918
9839
608
5006
7178
3362
9093
9362
473
3647
4413
4533
9280
8020
8242
7057
6563
5460
2330
2465
7037
4365
9214
9820
7165
7968
2163
9528
9787
7142
8037
3401
9078
4440
5935
6800
5484
6934
8708
136
3531
2474
8976
2231
6840
6363
9469
3183
7045
3623
2478
7295
8299
8850
5452
4166
341
9829
6499
4233
8928
1402
130
5748
3682
924
4115
1350
4574
7781
9753
2001
7200
7549
7159
5664
6436
3143
5896
6604
8868
8762
4432
4176
2987
7108
4768
5839
8741
6834
1581
3995
2902
7461
2221
6304
6950
3939
4470
5542
7385
1476
4510
6927
8923
827
5697
8800
2200
9835
4551
9194
5404
2981
8426
780
17
615
6092
2879
6951
7566
4232
3136
4992
5258
3451
8496
300
9660
8912
9131
1109
5813
4643
1994
5259
4932
4296
5919
9351
9466
490
3878
8721
1741
8227
904
1510
3152
5044
1912
7209
2946
5496
8413
4069
9931
8216
7235
2741
8864
3676
3173
6405
4565
5923
3536
7172
4141
8407
3460
4181
5113
1439
9247
405
1906
7364
1764
581
545
5221
9000
9102
1205
9090
7544
2824
3922
2815
5531
3692
4335
3714
5762
9475
6112
5485
2574
2709
7058
3666
910
6455
669
4105
7923
8695
3295
9749
3115
6386
3639
7176
1395
6760
489
2210
5313
4126
7806
7014
7711
5249
4311
4545
5945
4636
2842
980
2117
5295
3162
4736
5911
2567
3497
6872
2589
911
365
5555
9119
2307
1022
1324
882
2570
1838
8214
4789
2067
4147
3533
6505
9103
6459
6691
6295
1304
3663
3393
6103
4788
4806
5773
2343
7161
2960
4482
5342
7275
4159
4925
364
6055
4090
9986
6781
8428
3485
9383
3069
4386
2262
3935
8381
8034
6073
8079
3924
5841
8244
244
3514
4307
6769
1635
3858
5761
1976
5495
8466
4353
1797
2784
3656
2311
2312
1215
2881
2269
5441
1185
2395
9823
5707
5100
467
9972
9914
6657
4864
258
5235
6364
9346
549
2159
7334
6629
4601
8324
6925
4212
3598
2817
8997
5675
801
1546
6232
4465
1444
1791
2531
4691
3100
310
5787
3835
5702
4284
9983
8296
2164
6993
6877
3311
5359
8726
1650
9043
568
9640
8680
722
1516
5952
9032
8246
487
4453
5012
4905
4944
2503
5273
6148
4916
6075
805
9822
9779
7466
9295
1396
9363
3851
5062
127
4321
1528
8744
5772
5640
4487
9186
3296
18
9309
4330
4414
7769
838
9400
495
5731
7208
6476
8480
2940
1951
835
9284
9963
4914
6698
8643
8567
5971
6088
6107
6585
5837
9905
4066
8040
5751
884
3654
7867
1150
9485
4148
6457
6071
1303
9358
7421
8579
4491
6608
5833
356
9399
9123
4783
2764
6032
7343
5463
3119
6441
3177
2871
1802
8886
6844
4593
7707
5583
8524
3695
7271
3122
1587
1211
6510
5349
1999
7792
1431
4595
2198
6768
6511
8769
6658
2954
4814
6042
830
6519
7521
173
7898
5358
2322
9458
845
4171
8535
5002
5196
8731
4309
6479
9035
778
4717
5626
863
4333
2360
7094
8880
3210
3237
2892
2333
8181
6145
5302
8899
3828
5287
8735
9525
6282
7226
3065
5233
5799
6206
4004
9065
875
2403
9862
5410
7369
4258
5745
8052
6524
7799
8182
6991
2258
1448
5042
1520
2917
2855
3811
8048
4509
2611
3192
8792
7291
7813
9382
4694
2908
5686
7936
8286
5870
622
1571
785
2110
4359
192
944
734
6640
5921
406
7701
6622
2878
2123
2801
4240
5019
1948
9370
299
5237
7820
513
3576
8662
9414
1398
5170
8080
4947
4709
5550
3207
3766
5139
7794
9022
3146
2593
1410
9059
4013
1905
7337
8162
7710
2176
8431
3184
9569
6425
6817
6472
9949
9991
4827
2509
3740
2173
5414
4030
1332
8488
8722
8112
5771
3577
5605
6498
7187
3107
4750
281
3334
9376
110
5790
2964
507
4189
7240
5129
4835
7571
9771
630
1642
7773
6634
7473
5705
4870
6036
3643
7349
7562
5988
750
6140
5582
4660
4203
8081
4351
479
2582
3618
2962
129
9603
6454
1913
4498
3466
9433
1732
4978
878
3138
8706
3328
5599
9637
6566
2660
6040
1780
8483
2310
4590
5509
9286
8402
4396
1133
5330
1286
5879
5293
1016
1817
9527
544
7080
5290
7302
1182
9350
7067
4505
594
2860
529
412
3518
3258
4742
1213
4399
9125
7737
1408
2450
8630
2692
7696
1092
6487
116
5135
1883
3331
1449
8934
1483
5098
4403
9300
7325
8874
8486
3642
4222
5132
5984
1191
3603
3350
7308
4395
9188
3491
2297
1972
2912
2502
3027
6689
9747
5461
4744
8157
8106
4377
2695
3070
485
6410
9721
2181
9068
6824
1643
8355
9550
2916
5698
426
1861
63
9586
4226
9745
6662
3749
8511
1958
1203
177
8595
8626
2428
6779
5032
9791
9317
3044
9116
9764
8952
6509
6068
7918
7852
5436
3218
4711
5024
8338
8017
6155
9804
6162
1907
352
7901
8357
4853
2652
8433
3569
8707
4002
4177
3524
8042
2384
7474
8729
4420
6873
8777
6273
7024
3794
1228
9278
6960
1811
6315
7267
7573
6754
8819
8673
2865
2271
9636
4609
504
8183
1316
3957
9910
8225
3791
4934
5975
4341
670
8978
5819
6028
3840
3392
1661
5510
5963
8358
4210
9594
5178
1583
503
9582
5591
5665
4946
3715
8481
5451
5063
4854
3823
8207
3168
1165
6515
4376
7510
5106
1956
8781
6929
6063
2170
3696
9248
8364
4981
1509
8570
3777
6668
7206
8161
8823
5719
2098
2147
8454
7070
3339
1613
6190
5456
3900
7481
9590
7225
1501
7331
2004
6471
5177
2947
1093
9380
2057
5185
8572
8374
9976
5543
9514
7730
8671
6029
9627
8584
8736
8867
7985
6919
2885
4836
6174
50
6600
7684
5889
2624
174
5194
7823
3469
4295
5494
8027
5398
1619
7935
6290
3474
1824
3064
6729
8891
4863
6142
7750
7708
1962
7816
6197
8441
1321
2618
7641
8885
776
256
7096
6865
2364
7881
8780
4281
6149
9703
6352
1560
5817
5601
9207
3221
1771
1399
2321
5172
7426
347
196
4776
2905
2480
799
3803
6307
6210
2659
4169
3914
7236
8309
6727
2396
1126
1964
3855
8055
3190
5775
4800
169
8894
6692
8884
160
1990
1406
5869
8743
6712
3954
6545
5166
9451
8475
6806
5977
6796
8974
2678
7926
9347
20
3951
8024
7945
6882
9506
6220
279
5133
2019
1925
1488
567
5248
423
7660
1005
6017
1739
641
4158
5673
8504
7455
1317
9422
5644
1466
3246
228
8302
80
7033
864
9424
9242
8793
7817
1297
7555
844
9944
8988
8329
9674
2864
642
2686
5830
936
9904
2331
7411
4406
565
9515
5518
2822
4271
537
2795
3055
2656
9323
331
534
208
1187
7906
4021
5116
560
7636
8655
5405
7839
6404
2631
3852
9293
7252
7383
9482
4674
2113
9026
9308
1938
9426
3166
5834
6086
9229
4707
8958
928
3959
5083
5946
3920
2153
1115
3512
1489
526
3962
7211
230
9841
633
7255
8840
3570
2610
8393
968
3818
3963
1553
1239
9903
2587
158
3679
3344
6733
9833
7063
6383
1121
7246
1075
8590
3327
719
222
789
3375
7130
3908
3145
2986
9218
3242
9348
8508
966
7662
7359
9301
557
1089
1356
3817
6650
1716
6983
9854
4338
7160
6045
7028
6016
4724
4388
1573
1344
9641
1685
6998
2244
9486
3308
4654
6421
711
7872
2729
4793
4703
7624
3632
5415
846
5625
691
5207
3236
2771
1998
649
2696
2051
8907
5445
6418
7432
9737
7228
2134
584
6284
4765
8116
6688
7378
1511
7832
6891
3442
5615
7191
1204
6380
162
2325
2015
7041
9889
9762
5553
958
8036
704
8084
2423
447
6039
6617
391
1442
7406
1832
6296
5738
7868
1702
6480
7997
4206
2723
6539
9353
8254
8146
821
1292
357
4645
2249
1577
913
2469
3475
9513
6481
9836
2891
1262
5189
7980
1035
9857
2791
4155
6811
8552
6139
7516
2053
9868
6270
8363
4411
2755
6756
8193
6926
8174
6762
6158
2124
7623
9692
5214
946
9016
1021
7964
700
6408
3483
5175
8975
57
8007
8093
3801
636
23
3902
7238
3843
612
7217
4467
4995
5796
9314
8720
1328
9926
6278
7336
7452
8642
2870
5397
2092
9919
8470
1631
7877
8808
5065
8998
9077
9259
1655
4201
7010
3892
1421
653
5747
1361
3032
9635
2646
3873
8677
815
6804
8749
3545
9796
5497
7764
2047
4073
393
1315
1230
1156
1740
7668
8039
5268
4461
7408
6574
6299
143
7069
201
2079
6336
190
8016
7445
8817
451
7530
7296
1320
5115
7416
411
7079
2521
1065
9100
6592
1301
5758
3294
8996
477
736
7736
1146
8701
629
5240
5586
5459
8123
7993
6177
5573
2035
8199
4116
7914
96
6129
520
2538
1427
2188
2063
6332
3599
9759
6474
3226
4058
2410
703
9405
4435
5502
8625
8099
6160
5308
3249
9909
6639
2357
6687
472
1282
3245
304
2839
6224
4133
3270
767
9928
1983
5213
3949
1386
4061
382
3376
5570
1527
9052
833
9436
2475
7956
272
3098
5442
6770
4896
8395
7433
3502
3726
5283
7239
4462
1641
7988
8591
353
3738
9471
3678
8727
8317
6832
9780
1198
3741
2758
6537
921
8825
2798
5633
7140
9318
3742
3974
849
6272
375
9412
5182
1706
3848
8733
4901
7760
3046
139
4723
1612
5639
517
2648
1345
823
8893
5353
5267
3560
874
1591
3326
9425
8959
4378
8623
7746
9254
5317
6913
9163
5253
6994
4026
7849
8592
9790
8260
1781
6724
5856
9884
7062
9797
462
9395
7615
2833
9320
3378
9114
8503
8493
4971
656
8516
274
4982
7784
8304
6166
1175
4344
8911
9038
2145
6990
9735
6458
7727
4588
5201
8062
7724
8382
1517
6814
530
6260
5341
6582
7635
6616
9206
5721
7748
3786
8573
8979
1646
2753
1620
3081
1758
3433
7989
5519
3625
1110
9061
8803
8018
9547
9824
5523
6802
7610
34
601
2109
570
7001
9989
1653
2216
471
8869
8063
2345
8740
2569
2715
4244
2022
206
5511
6541
3863
9517
6052
9005
4246
9899
6512
1269
7367
1437
3672
1673
7000
8019
3857
9777
9198
152
3879
4215
1718
2133
3928
9921
9105
3322
8599
8971
3724
7873
4880
7131
6937
1831
5560
7468
6641
2672
7493
484
2328
4953
7734
6058
8563
2909
8528
7511
558
885
6267
5047
2641
9153
9673
1506
4506
324
2595
992
2552
961
5279
8356
5710
186
9522
188
6275
5440
5575
9629
6013
6043
3868
7348
4629
701
2209
9060
917
3501
1045
3585
4415
732
5580
3725
6854
5864
2358
8827
7318
3982
727
2952
7689
2275
4439
7251
1721
9996
2115
6420
4570
693
773
4068
8607
4567
8614
3975
1806
6743
6361
7837
9046
8918
6005
989
2557
6723
7970
7692
5187
2677
6971
8629
7496
2304
3731
6444
7486
3626
7401
5493
5811
6799
1137
6258
3783
5071
2278
7175
8378
1693
7398
4656
4614
7761
2299
2785
4354
4692
6540
3773
5390
9985
8340
7323
1062
5384
4446
4319
1727
2948
8786
1828
4716
5733
4891
3568
580
3779
7919
8130
8160
712
3373
2055
9454
5474
4034
6675
1432
2522
5092
9473
4040
502
2449
2292
4191
3713
1529
8620
4919
7759
1367
9033
9196
3114
432
9947
5868
7913
481
4078
8691
1238
4229
1778
9818
224
5028
6793
2341
8732
107
9778
4597
7793
9879
2268
2167
6532
7272
1645
5823
2468
9802
2037
8668
1216
1854
6297
2770
8782
2417
2568
3395
9668
1046
3347
1893
4578
6237
3219
7564
1113
9505
2422
3124
9847
4304
5736
3105
2285
183
2555
8505
5944
3141
9662
336
4350
7504
5418
9386
8132
284
2324
813
6739
9752
3333
4463
4890
9176
99
7946
9696
1085
1955
1169
4027
7185
938
3307
4915
5357
5051
7894
7892
3353
1531
7928
2858
2393
4675
6054
3496
8004
2933
8432
5541
6893
7301
3907
9596
3756
3891
6199
8530
2829
7979
3869
8408
1298
3866
4336
358
6249
2378
8352
3703
6413
9987
5303
1309
6367
4278
5517
4861
1147
746
9511
6547
2527
7430
9689
367
1859
9731
7204
2661
5514
5191
1656
4218
5048
8815
1548
2236
5081
7404
1413
7358
8137
6977
5908
7697
9056
6935
4988
7492
4878
5025
7321
8765
7772
8074
5084
2052
7942
6228
1915
2489
414
4150
5521
606
7087
8135
851
7156
5035
9813
9938
122
7101
3748
5389
8485
8385
1264
1188
775
4389
2062
6559
791
3825
7522
4833
475
6203
2130
9245
4132
5530
4755
3617
8810
7567
5535
1841
6744
4442
9631
3571
7460
4855
753
1703
9094
4071
6507
4144
5122
8839
5676
7102
2619
792
7106
1475
6346
3030
7558
3511
970
5843
8507
4059
9918
9256
3624
1666
5854
6473
5054
2272
1947
1910
9704
820
7472
4186
5646
8669
1176
4018
4444
7554
9084
5956
3364
8126
2805
8659
6749
7620
3045
5941
9164
4964
6038
9684
5832
618
410
5374
4838
6412
9379
1594
8298
9713
3793
4646
4888
7778
9489
3772
5827
3759
4152
2014
1794
5668
3224
6133
8387
1611
3087
7189
2279
4143
3980
5621
6152
8663
4493
3716
657
987
2387
1683
5014
2171
9465
5750
5694
3989
4920
6664
5394
146
7951
5312
9378
2831
9615
4064
1452
3760
3164
7729
3425
3685
8301
2504
4275
5152
8849
6526
6825
4834
2136
4848
4508
5053
4949
1265
999
6943
5871
6808
2180
8015
4903
7313
4681
7347
2347
9846
3593
9415
7122
7640
9722
3217
6797
9763
8560
8896
5319
7124
9151
7133
7593
1276
4250
5234
4023
2737
2373
6047
1568
7669
6820
9034
8247
7900
9291
6917
6451
5892
6303
5348
5421
4696
9748
1772
6986
4086
2296
1257
2877
9109
1363
8497
8716
6647
7193
1632
2603
1943
3399
1762
1050
2727
993
2294
8601
3076
1599
9738
2466
1354
1451
9888
8941
2690
876
7991
7830
4967
6851
4984
6751
7447
6108
5037
5203
8404
9402
3754
2286
1492
6195
6726
4322
4410
800
2332
8276
4952
8973
7129
7971
9260
589
5472
4805
8028
6396
4157
2477
33
1552
7628
1478
2972
9302
8140
3768
4632
2050
4195
6652
8596
8972
8212
9672
9106
3831
3068
8697
9859
6085
1004
8085
9208
9083
343
3814
98
90
3232
135
2425
3096
1232
2451
2635
3862
3199
8888
2761
4043
1857
5052
6962
2078
8369
3473
4119
354
3744
2436
8895
9366
3996
720
4844
1745
9344
3709
3352
9431
7588
1821
7607
422
3792
2744
2889
2679
8312
8105
4217
3833
4279
6837
7054
2483
1862
748
6250
8114
7456
7850
8261
3472
1145
2056
6593
4527
2956
9011
2992
2637
4568
6407
4101
1208
5820
7717
1064
1803
6815
4479
2544
8117
2072
5075
9785
4029
1160
305
2018
7503
7328
1700
8879
442
9108
6343
5613
3992
4305
7552
4515
4259
7366
2823
985
9793
3926
1823
7303
5700
5318
8177
2282
9815
6234
8341
4282
7944
1423
1366
8437
9019
5315
662
6309
1148
5985
8566
6291
4291
5176
6899
138
2142
1507
7055
1920
1899
4196
7963
4997
6894
5325
8812
7883
1526
9130
9681
5836
762
6807
2011
5328
5282
3916
4117
4734
9357
4003
9724
1855
8598
3174
7051
6165
6680
6970
243
4391
4408
2976
2653
6576
5842
6135
7934
5277
8279
9162
2958
3024
5849
2246
7444
951
6533
333
3546
8422
9714
4434
3131
1533
639
3325
7838
7482
3964
4452
6483
3142
2588
4183
9373
5109
2955
9653
5593
1383
8289
5544
2175
1275
8348
4031
6467
1927
6263
9990
4445
6953
4256
260
5068
6742
5754
7074
1918
6947
5786
8646
8396
403
3968
7653
4178
9706
3279
8344
8500
4050
7629
1266
6708
6074
349
1044
9817
8136
8307
8787
2863
4080
82
1734
6955
6973
1774
3130
6375
4976
6715
3
3408
6125
3386
3312
1937
13
8082
4192
7429
6124
7314
7559
9331
2351
7755
4277
7698
9045
7912
3520
9263
71
782
4247
735
1522
2775
9995
6878
5061
2617
4340
6842
7866
1890
9303
7627
7356
87
764
6711
9118
1686
6246
2922
318
2941
499
7121
7439
3481
5501
394
7847
9435
7443
3061
1813
6890
4175
5265
6527
6236
6180
8263
5096
4361
7012
1684
6079
8472
396
6402
8326
2375
6904
5888
1131
5878
4394
7686
8229
2620
7144
2553
6024
5473
7675
8336
7905
8955
3156
5967
3257
9951
7661
1364
9345
1149
9757
7145
6967
8921
6880
5029
9398
454
7754
8452
5660
4214
8333
2240
9343
920
3580
5708
5677
58
988
4417
2178
8829
9866
8294
8939
3961
8151
3405
1829
1801
4572
3256
8802
8966
8069
7513
6310
5788
5232
2924
4913
2033
6788
326
1782
1108
5860
6835
7256
4082
7699
4216
3283
7013
6186
3220
9219
7739
2162
4401
8203
847
8767
9592
7065
2259
5973
9981
3635
8287
9289
7581
9740
5223
9342
3094
8848
2735
8748
6132
200
106
119
2397
3802
4795
4737
7803
8011
1306
5400
967
3090
6443
9063
4313
5478
6809
2203
7969
7576
7287
1400
4261
1376
5238
5137
5981
3765
7821
9381
6460
6031
9390
1868
1973
2443
5609
6887
6722
5017
6661
1961
9372
2649
1012
2191
3429
4558
516
2977
9327
5498
5939
7600
709
2383
6632
686
4063
5141
2540
2277
4526
1440
3133
9875
2840
8836
7774
6750
1249
5915
2803
4372
446
3912
6078
2537
5433
7617
9860
5742
5590
4530
624
9537
5339
2821
1975
3484
4265
5426
3562
9861
2961
3700
5638
5304
8090
5186
390
2668
8842
1380
8904
4669
3994
1978
1293
4474
1256
5026
3722
1231
7127
8702
3057
9294
9625
684
9645
2298
6836
4289
6847
7652
2869
7167
4149
4190
3252
5149
2046
6548
3804
1362
5288
5229
1154
8311
2253
5734
2029
9421
9559
8088
8670
2516
1195
9864
7480
6037
9805
345
233
6414
9096
9129
2039
2578
2082
2893
3278
3445
9496
5658
7681
3354
6191
1640
9758
1025
6605
6281
5612
9173
6126
1343
2356
4400
5272
2107
8949
9190
5822
1401
1759
266
4136
6542
1785
3099
4549
102
295
1970
7907
7931
9900
9012
4483
4345
2118
5102
2929
4127
5894
7709
6154
931
7071
4791
4994
6930
124
9851
6589
9578
5450
5188
9812
5271
6430
9789
218
7197
9474
6500
8029
3503
879
7203
9500
4356
2204
9420
1530
7365
5210
66
8612
1329
7930
3853
3601
5136
4358
4842
5181
3033
4547
8128
7091
8455
6903
5004
6319
5145
6226
4655
5682
4743
6151
5683
7791
518
440
8774
7879
7763
2111
5422
552
7690
3026
7341
2058
3082
1873
5470
604
4778
3827
6516
6377
3088
1711
6765
6522
3459
6939
7396
3462
909
7310
9178
9507
8245
7541
6611
4930
4283
7384
7393
6667
2374
104
7110
1757
1957
6871
55
5431
6920
1664
9816
7685
6704
6833
9520
7674
7887
5777
4000
7266
7005
1676
5264
877
8038
7659
8545
6686
4285
5913
5766
8415
415
4727
8818
3849
6746
1042
6738
5627
2581
4083
4721
7093
1909
3439
6791
6489
9886
5064
3233
3435
531
609
783
7885
808
41
1705
2566
3790
2459
5688
1914
9237
1628
4608
1280
3929
4569
7827
463
8783
643
6666
8653
7180
5681
5036
4534
1917
5155
355
2904
91
4402
8770
2074
2612
949
6841
7294
522
5020
1485
5364
5805
9546
3016
4752
220
4965
221
1648
6423
8127
8096
3769
2534
2168
2415
2500
4517
8297
6642
6141
4993
2205
2777
5672
8991
2851
267
6613
2861
5211
3255
3658
9585
692
5534
6653
8957
7534
2523
3259
9113
9998
8936
5446
9502
3649
1067
6737
2930
269
5925
527
8597
9484
7680
9708
7043
677
6384
9250
9385
2594
4589
859
5168
3987
6221
5118
4405
6252
9670
2245
1202
275
8168
7414
3108
6337
1549
1130
8788
4502
8946
1789
2391
2295
497
4274
5816
7234
990
4194
5193
3387
8041
2676
9691
3659
1429
6660
8526
8883
4751
8870
15
5999
6783
9226
8164
8889
2583
5388
645
5636
8095
718
4495
5986
6287
114
3447
3799
413
2288
4705
3627
4276
895
2002
9583
168
4264
9292
3013
6271
5306
7723
6326
7844
8830
9690
9626
3543
384
8190
9518
7897
7307
7011
8694
1730
1505
9097
5310
3941
2604
6731
6134
1394
9455
3660
3824
3039
7412
7026
9939
2772
1884
1822
6280
4757
4554
5142
8661
1498
2418
6215
1015
7155
5218
238
802
5158
1296
4671
2530
6670
2448
3986
5781
6300
2206
3206
3480
6774
9419
8764
9969
8537
1170
404
7210
1010
2479
6763
369
631
4153
848
38
4635
3149
4028
5739
9705
683
2349
1911
3169
3751
7243
6356
5380
44
3631
5703
2081
7667
1390
6080
1652
3904
4231
2439
8200
9445
4777
796
8760
3932
5150
2717
7405
6416
8498
7394
2651
3310
3566
5332
6122
1538
264
10
2991
8362
5488
3881
6520
6819
2529
3370
1967
8149
8310
157
3029
2222
9688
2811
389
9493
6014
6995
648
249
4810
8257
8990
3416
8660
8768
4382
7053
668
721
4352
6888
8931
5577
6087
9656
2132
8291
2250
5740
3290
9545
7109
9685
1
7618
5099
3406
3548
6253
752
6018
9825
6008
5650
8905
6350
4881
5863
1279
322
621
9750
6196
2320
388
807
1417
6283
257
9253
3776
3718
3228
5815
2369
9275
100
5883
3732
9613
1018
2998
9697
193
1382
1525
850
5314
2657
141
2390
1887
8985
2513
4713
3180
7196
9533
7927
8814
6366
3448
8107
9062
3547
9622
4298
6984
2424
3321
8948
4436
1544
7018
5964
1689
5165
8386
43
8711
828
1699
7998
1944
8559
5637
8380
8005
5361
4438
1825
6400
7082
3846
2681
7524
2186
5094
5838
6389
9171
3470
4156
9110
2305
9389
9268
6317
4605
2362
5835
4634
6569
7937
9240
1143
311
1006
5571
7612
9623
1434
5033
9133
1246
3368
810
9999
7355
6335
4443
7019
6631
4745
4689
3913
5877
7657
8059
728
710
5943
9556
4454
3040
4918
7073
5490
2419
6553
3053
35
5076
2412
2228
4798
9216
2724
7299
6671
933
6577
7095
4035
8401
234
7409
5091
4799
4819
6599
9781
1114
1541
46
8185
7538
6109
4128
4252
1077
6387
3117
4961
7751
9980
918
1717
4374
1284
7249
3052
4129
4763
2794
8554
9960
2963
4238
6805
3525
7298
3157
623
6201
5624
952
2421
2372
7448
6725
1744
8231
2338
5157
7371
6674
3874
4929
4600
2027
1418
5406
2148
9138
8914
3313
5469
6633
4603
9966
9984
9715
5982
2217
5078
3329
488
9742
6181
644
5343
7440
164
5055
2407
4441
5778
7943
4673
8153
555
1576
7289
7546
5368
3810
4902
8351
1370
4209
4145
3238
7119
2592
5882
7279
4542
1318
1726
5547
1166
984
9037
429
4987
3201
6411
5594
9223
8058
7386
5038
2514
271
8159
3191
832
9359
5327
922
1099
2485
379
3549
6590
1864
2405
402
1389
2708
245
6905
6775
4182
4722
2458
3048
92
5483
328
1566
6579
8043
4837
1874
4815
2685
7565
6663
7596
8575
6525
4846
6869
1374
2828
5260
1991
9661
9427
6587
4072
8617
2975
5505
399
6672
6398
2985
8877
6378
5476
3861
7166
6979
3388
7515
1668
2959
2083
8060
8278
9082
6643
9650
464
8967
9639
9135
5798
6452
2379
4492
5522
6209
605
4759
3104
2017
4428
361
523
2497
1532
8633
6089
1610
7205
9801
4342
2287
6178
3377
5257
9897
6023
7840
72
5298
798
6794
2778
3813
1340
2757
1136
2097
5769
995
7327
1494
1325
9107
5417
7261
9694
1590
3078
7916
1709
3335
3634
2738
86
1420
8712
751
7437
3452
5164
7500
225
3372
2243
4697
8412
8410
1197
4318
9881
6999
180
3426
1677
9340
7282
4437
1923
7812
7453
103
9826
2510
739
8474
3198
979
978
3467
4397
6325
5261
5105
1310
3871
8709
6975
123
1980
420
4357
8237
1070
8152
3011
6759
9075
7519
3673
7501
6495
5296
9144
8389
5794
1814
1708
2945
1679
2982
8714
6497
687
9935
5107
2808
6627
4373
7146
4730
771
4868
1570
7458
4850
9828
6972
4867
6945
2584
9147
3645
7718
6176
4500
4496
4741
7304
8627
8863
5335
4022
926
9907
1172
7036
3153
240
9154
6612
1853
1162
6449
5073
8574
5512
8582
4112
6117
4466
6884
8252
1844
3251
2710
8683
2918
229
5228
3077
325
2339
7081
923
3185
3764
4230
2834
276
4792
6940
5910
1878
7214
4955
3498
893
2461
1189
6536
4856
9751
7231
9141
5574
626
170
8826
8678
3456
3419
945
8209
9878
7194
1273
54
1081
5369
7064
278
598
3330
360
3517
6942
563
4921
8463
5367
9018
2392
9620
7115
5236
4135
5015
5247
9616
5437
7395
3351
7462
8779
5477
1606
9807
8491
937
9349
7695
6555
8343
1229
8064
3412
1054
2344
3194
6954
2125
288
3581
5420
872
8675
4596
2086
2093
203
5444
3276
4843
2769
8520
7539
5803
6439
2242
6096
7938
4943
1322
725
5217
9607
3905
2300
1615
3997
1459
8832
9360
5331
4170
8963
4242
3092
7758
2575
8285
7380
2539
5355
3086
4221
6870
7330
4812
5947
3669
4546
7845
5717
2560
4137
6845
839
5111
2329
7599
9891
4898
7399
1164
818
8331
3911
572
85
809
2671
1302
8619
7090
5095
8737
7346
1337
1391
2742
8479
8546
5336
7245
9923
5127
930
3432
5205
1458
3893
1305
387
1163
4809
8411
8318
3614
5360
7650
3662
9803
1729
1761
8359
3574
8604
3420
4367
3837
1892
5678
2499
3049
6491
1416
6886
539
8000
8942
2928
9203
4151
1805
3575
1586
9573
2505
6208
5765
1323
4219
362
2763
2215
7762
1671
9170
4290
3036
4409
6358
960
4683
189
7084
5344
4362
2788
1129
8969
8155
4039
3109
1537
9772
9524
4187
8228
5171
2997
4652
8693
556
7782
3338
7747
101
2060
8910
1308
9604
2241
4936
8098
9538
6561
2006
8684
3306
6848
4811
2590
3602
8550
7994
1219
9788
2971
2666
3084
8648
6580
5895
4972
5743
6044
3800
301
1692
6907
2380
8804
4349
1294
3527
7688
2131
9574
3464
4892
4665
5903
1462
9647
8459
1886
5138
5513
7949
1543
9439
9341
8131
2284
2792
2129
9730
5206
3137
19
7039
6435
4164
7605
5101
2227
5931
7253
2054
7658
3958
8008
3102
6053
7733
8353
5224
1535
7603
4990
2515
533
9361
1622
4523
4060
6609
6431
2900
3901
370
795
8238
5997
2779
2843
9956
8191
8021
4197
628
8440
3917
255
2517
5087
9025
6780
4764
673
9608
8965
3528
8700
4772
726
9834
3621
7
5929
959
8719
9429
9977
93
8223
1226
2995
8581
7857
2734
6184
4688
2826
9526
443
758
3587
1934
7162
7712
4109
5715
5086
9213
68
3923
6645
1007
26
3942
702
6248
3482
7952
5082
7470
4956
4860
6182
2937
8917
9503
2990
7775
8994
6567
1637
4782
1177
3197
6565
450
1623
9375
9657
9552
9002
6911
8443
6274
7315
1339
811
6110
430
3253
9239
3750
2202
5712
6557
3826
9581
4874
9020
2456
9809
4308
45
1960
4142
74
8589
1512
5780
1556
5554
9855
1788
4451
9958
4110
1083
3615
7374
1882
1820
4193
4260
1270
1667
3755
4704
5529
8860
5230
806
5887
5996
793
1224
7464
1111
2103
8014
2239
9157
7787
4092
4184
5173
8797
2229
541
1569
9326
437
3927
1183
5774
2094
198
694
2728
2350
5934
7004
8377
8718
4100
8562
1654
4866
5412
3988
458
7984
4094
7858
2151
3196
3947
9968
4796
6901
689
7259
5906
8518
307
6789
3383
2455
3285
6718
840
2009
4111
9551
3589
3675
1826
1248
7728
3572
3292
1665
3781
6169
4900
280
9143
5651
5284
8681
5077
4662
4520
5225
5262
40
386
1009
8346
8013
4670
327
8147
7523
293
5375
5978
6370
6030
3123
6462
6648
4637
4771
8208
7804
5097
3204
7220
6256
4708
1682
1885
9374
8547
9761
8476
8950
5821
7415
2353
2819
7032
3856
5112
1930
2852
5957
1261
1536
8960
2045
69
6146
1178
2888
6070
6429
6167
6276
5454
1929
4552
4103
9296
4379
1743
9950
1733
4234
2291
445
2036
8538
5622
1330
2943
8980
7553
2599
7947
6716
7895
3209
4685
131
2845
7742
3622
9940
1037
5980
3771
4700
3934
3410
9155
3500
6159
2895
6333
2606
9047
1032
8542
6784
7052
674
9024
283
5829
8118
149
2212
3028
5938
5648
3584
6062
9222
5162
6233
3832
1747
9377
321
3976
4010
2223
8076
706
6932
1846
4213
2609
2155
8473
2701
8269
9152
9727
8424
5180
8897
2361
5104
551
610
5103
3495
6360
7467
1194
2135
5468
4571
1836
89
654
6885
9319
1069
3504
8451
7264
8453
6376
4248
9539
8876
5655
7030
6229
4619
3389
7107
3821
9169
1124
6621
2263
2265
1314
1117
7920
1122
9040
6843
2807
512
6528
7362
2496
6163
5425
3051
4266
7753
335
9413
7441
4431
4516
8756
9798
2797
7987
3637
1061
9003
9872
6330
9234
8384
7825
7957
5970
599
5782
3097
3727
3385
8342
5865
8495
8065
866
2598
9756
2185
8113
7342
5968
8685
3411
1281
4122
5291
9600
8746
2901
652
4893
4471
6368
6782
7785
9211
7135
1551
7449
941
5174
3895
1754
195
2154
7556
9877
5183
3607
7965
803
6554
4577
4622
7756
9710
419
5850
6619
1155
2385
9732
3014
4830
1453
4198
424
9236
2255
3775
3636
5890
5370
7899
7417
6060
9048
3260
4172
8875
1349
9575
8982
8605
1578
4899
1701
3101
2550
286
2152
9599
6067
9895
125
8806
4224
8101
7478
4455
4529
1212
6730
8236
3689
75
7068
1928
1931
215
2680
9800
8533
3135
7713
8267
438
2743
6099
661
2266
4332
3244
3187
8218
7637
1609
7357
6164
3424
9313
3189
4327
425
8243
7105
3600
1903
6041
1254
8588
7174
9031
8224
3170
8556
5826
6493
6426
6362
6694
6625
1096
6490
1995
2596
246
1404
6095
9272
296
5093
8539
5167
655
7098
9277
3261
3888
7569
7933
1274
2820
108
3315
2706
5199
7789
2226
3302
3223
155
4499
2608
2571
1819
7741
2165
9729
6406
5266
5904
9394
4032
2874
9057
2420
7125
1068
8073
8046
9819
4468
6543
2156
7306
685
3761
7420
3172
7340
4699
8811
9555
4062
1629
9646
1849
2800
1481
8758
6922
2645
145
7777
8490
900
8514
7766
1487
6440
2718
5755
6340
4065
2622
7578
4849
3730
3476
955
841
8843
4114
3612
3444
509
4077
9177
974
7767
741
9456
7875
1842
36
2556
899
2965
5545
8993
6082
3903
417
8789
1058
2915
7008
5848
14
9423
4121
6921
317
4541
9795
2003
7363
2498
768
4287
7805
3215
2248
2999
7626
2726
3264
2694
6328
4886
1790
3889
70
8696
8313
1843
888
9858
6327
7257
7682
3648
4871
1157
7377
261
4770
4973
9409
6189
6069
3163
8097
9794
2234
5720
6488
7595
8066
8853
1876
592
4641
5899
8176
5161
9863
7824
9265
8173
3884
3559
6827
8728
219
3708
7424
1786
8527
9285
2040
6699
2914
1647
3394
2979
4328
448
9498
9934
3694
9388
9007
346
8371
252
6428
7061
2644
6492
5263
3747
1008
8913
6594
2749
9593
6257
4884
3563
6710
5907
6371
3477
8609
1210
8100
3203
6649
1696
9587
2925
3280
8268
7092
7392
2126
867
7575
6223
756
4587
7888
7060
9624
8757
7611
7046
434
8444
9612
4604
1436
5897
1753
6007
1690
8283
3529
7810
2887
9521
5504
898
5995
5809
1723
603
8857
7525
1554
3955
9264
8586
9838
6138
6997
4315
9597
6320
7126
4599
1278
8089
6433
3875
3820
9355
1603
8763
9702
1443
9468
4093
5050
9410
4464
1222
3829
6583
7134
5329
573
398
8445
7154
5383
7745
7716
963
7403
5804
1837
8350
3160
8632
4579
2144
2561
1865
3116
4314
7915
1902
7163
1026
2408
3757
9235
4581
6665
5243
2218
5250
5018
4817
6941
9055
1272
7721
5153
5402
2980
9443
1247
2931
9873
6131
1355
9069
7056
4108
2700
6193
4877
3807
7678
9540
3453
7428
5
1954
7536
8030
8124
7563
4042
5432
7908
3265
1949
5526
8305
8282
7223
5363
8469
5309
291
607
5989
8506
8665
7483
3606
8383
1360
3301
9161
3195
6514
953
1953
2409
2340
7700
8044
854
444
8306
6801
8232
6311
1119
9634
1816
4647
8091
9087
1201
2088
2862
9274
4664
3286
3691
7590
6965
6638
7077
7031
6235
9652
1365
7477
596
313
1217
3345
7262
2342
7540
8195
2663
6697
8828
7882
5532
216
6530
5056
64
7802
1152
1627
4123
5701
6868
5588
5873
2139
5642
2149
2996
4371
8616
9845
9365
3586
4019
9460
4162
7242
8861
4360
757
3074
4852
4503
9191
3140
8450
5998
5828
2316
4225
7507
8499
9495
8676
2782
9577
1688
8564
3702
37
9664
8104
383
3952
9168
2535
4227
8354
9589
8795
6679
5448
9746
7169
2376
6288
5021
5455
3374
5614
4945
8241
287
9856
7797
1028
8593
7706
2675
4540
8053
3966
9630
6244
8148
7489
7202
6915
435
2841
9543
6747
2786
1584
7490
5528
4666
9418
2640
8056
853
9243
6006
2543
1387
2969
638
6289
7634
919
8698
5858
1768
5539
740
5795
1161
2486
7128
9924
4131
1751
1926
1760
7542
2462
9150
6914
185
8989
3348
4959
3505
2193
1168
2254
1240
5090
6748
7655
6100
8932
5699
8845
6838
1287
9850
8204
8316
3200
9876
9115
6963
1013
2416
4968
1368
1490
1415
2614
8945
7677
6392
2377
6424
5275
1940
784
7855
3767
7152
6417
1503
4076
9717
3381
8071
8772
6575
8087
2910
1670
892
6427
6956
6895
9831
1484
5950
8045
1707
5080
6755
7471
5371
1090
2354
9270
4801
8831
9610
1030
7173
5000
8650
2257
2518
2157
7278
5875
8144
5354
4999
2765
2789
2100
9472
8986
2453
4480
6906
8390
2796
1856
2520
8692
2000
9530
456
9126
5611
4659
585
409
9945
5608
9470
8489
3948
9554
3978
4909
1106
4257
4200
1840
4067
948
7100
2814
3267
1500
2809
9185
1371
5011
7494
5246
6741
9041
5034
843
1710
1334
2472
514
6438
6987
7591
2482
3983
528
2670
6618
5846
1680
1502
3288
3478
4430
8478
5802
772
9591
5443
7186
7990
1982
427
7801
6011
3762
9251
1193
9920
9195
4447
6560
731
8657
5154
5692
2711
836
7547
6772
6269
4204
9079
3729
9428
7529
6230
8221
6049
6306
7788
3683
5726
6292
1977
8961
2703
6001
3384
4364
3298
2137
9979
7029
84
2010
5764
5587
5602
1074
6432
3701
8429
3706
7040
5506
8251
3834
1608
25
8541
156
4424
4
729
1810
5527
1687
4954
7921
9658
696
5920
1672
8026
1585
4419
4280
5147
441
868
5386
8226
8119
1945
9337
6104
9893
9783
5666
880
6081
1470
842
3610
6881
9134
8458
8033
5756
4979
1457
2005
2021
8258
3541
8067
2183
7642
5381
7955
1127
5010
4628
9853
2767
1112
474
332
3597
6974
9606
4057
1445
9336
5940
5057
9786
294
377
6286
9092
7007
4977
4477
5465
1542
6534
4780
47
9408
8822
6345
1737
3687
9074
4008
9814
2457
408
6464
8638
6798
8862
9416
7149
4306
2994
2327
5909
8184
5208
3463
7479
3216
8319
6265
5520
3059
4501
7320
9806
9444
860
6964
2023
6923
819
3230
4957
242
4618
6114
3291
5491
1242
2108
3526
9261
4633
7147
6709
8654
8337
4887
2894
6168
3430
9563
3668
5131
8771
5041
4070
508
2825
3859
1244
1872
5377
3991
7213
5741
1052
5711
315
2256
73
730
4714
4883
8023
5629
5464
1469
3179
5408
5005
2270
5198
9687
236
4876
4904
4139
5618
8462
395
9437
3129
1407
6602
2346
7276
7975
2197
6050
5696
4416
1521
5714
586
1574
140
1080
4676
5687
9166
9701
4829
7917
7009
5292
6442
4820
1596
6353
2401
4325
3940
7585
2441
7720
2923
6339
7719
24
8447
2276
4047
8855
9367
9553
4095
5667
5244
6102
6010
9955
8838
9852
4693
6684
5499
9734
214
3031
7673
9014
60
2302
1299
3241
1497
554
8747
3018
9306
1879
4749
2184
705
4612
3317
5286
3091
2935
9922
4525
2793
5722
3944
7123
7250
4254
306
9906
5533
5479
7436
3594
2883
8327
6778
7638
3400
3655
4273
7647
5606
459
3784
7602
2187
1659
1691
1107
7023
3072
2371
6217
9769
9117
3933
4329
5270
5481
925
2974
1523
8951
323
5471
8568
1662
500
9659
6019
2024
3346
5565
1480
8834
7297
4998
5040
9695
8143
3390
1464
48
1644
2615
8477
259
6897
1073
32
6980
7230
9039
7038
5346
8699
6136
6976
7643
812
3674
8927
3909
4761
7579
6359
4489
9782
1020
7022
8293
9707
3309
1348
4667
1582
8544
717
3176
7484
1192
5540
7526
6486
8871
3557
6761
6714
5307
6677
5884
5338
53
3151
8394
373
4120
5274
8322
3446
5222
2431
4560
9961
5480
3971
2639
8717
2857
7329
2071
7293
4426
7305
8900
4369
1422
8420
28
9993
5403
2781
4478
3977
8158
7809
1103
6022
1105
640
9051
95
7725
1139
5568
1784
1259
6035
1038
3154
1675
9146
5569
1104
6701
7284
9693
6978
21
8347
3427
2252
3449
7035
1174
3323
4758
1518
9733
1173
5399
9174
4299
9902
4784
1000
9384
7948
4822
2174
7290
9193
5912
5163
3847
4564
3870
5411
1508
4650
5716
7136
7608
3763
7285
1372
7047
1384
4557
1966
7423
4940
862
7891
575
9044
7277
2897
5954
2143
5326
4845
646
5453
2381
5685
6946
7324
5074
6111
7514
433
3254
1621
7382
3605
4130
6083
1034
3103
6705
5641
8933
770
5951
1897
8882
9297
8220
9874
4562
3860
3613
5212
4775
10000
2119
3272
8178
2774
1326
7114
5866
2501
9677
3436
8465
5280
3796
351
7034
4421
3534
8778
263
1450
8968
9953
3371
9136
9908
4840
4537
7770
9711
2853
3299
8908
6137
9644
5779
7113
6623
277
4235
5670
8303
9792
6388
4535
6453
5043
2920
9898
452
4398
7649
3492
4807
4263
9885
4433
6636
2623
3733
8169
6818
932
2112
9728
9880
9843
538
62
964
6948
3918
4207
8887
8068
6892
9571
4989
231
213
8421
9925
8406
7752
2016
3921
2733
6571
1630
8536
7656
3822
4907
8345
7865
1454
1580
496
9368
4638
9233
4180
4575
8403
9848
1227
7141
4179
9491
6185
5840
4962
2319
501
5255
3134
8529
3734
7679
78
4154
8922
1598
1379
861
22
1750
5579
3915
7796
1336
9058
7598
1049
5932
5144
6262
5679
9120
1863
197
67
178
754
6261
1867
2087
9406
1467
3363
5337
7006
5227
7397
8482
4668
3494
6012
8215
8636
8745
5695
401
453
7743
578
6202
6225
2366
7247
5256
2576
5953
3056
5467
9617
5948
7982
9712
5691
4392
2406
4865
1040
5089
8920
302
536
6245
2090
3019
4950
6506
7978
8456
889
3816
217
4485
2224
9971
3080
9699
2426
7260
9718
9137
1403
5252
2389
5926
7735
5500
9479
5630
7164
6572
9915
1860
2866
7083
5123
9127
7076
4146
8532
5393
4642
1987
3247
449
7088
9978
5311
9282
7350
2776
2359
9755
2616
8543
9122
49
4536
4331
4544
1877
6570
5285
8194
781
4490
774
6620
1181
9262
3510
6863
1557
1289
5661
8323
4728
4773
6828
1746
7183
4760
742
5297
3277
2314
8405
9049
9311
6598
8608
3554
4862
2524
2044
3407
3417
1720
1409
3788
308
7795
2545
6910
5561
3342
3936
1988
8110
7326
9071
2714
7869
7896
8032
1748
6719
9430
3012
553
1812
1300
7665
5814
8610
6211
956
381
6
8050
3667
1056
2435
7606
6812
4097
8742
3005
9352
3431
7561
1482
1078
9184
6856
1558
5898
4657
7744
9654
4598
2323
9675
9614
3550
397
6656
1749
9504
1472
8898
8956
4538
3229
1031
2080
2335
2812
7859
4084
9273
7527
2899
4586
4355
826
887
8890
3396
9723
8995
4347
8791
1388
9478
7104
7089
6372
7381
1312
6938
8571
678
5079
8821
3806
7929
8436
2810
5818
8686
2230
9896
3023
5299
1063
115
2944
7222
9269
7616
4096
8585
8339
7188
747
6482
6357
6933
837
7389
6803
9542
5546
9488
81
4048
996
8798
9205
7132
4363
3842
5130
8219
2721
6259
1086
1455
2030
6875
7631
981
6255
1588
3239
777
3841
8705
1651
2318
6601
8266
7583
9576
3409
1479
5631
5969
4606
3486
9544
6214
3489
5434
5387
289
2837
5489
5757
6222
3960
8929
8813
5597
1639
521
8139
4310
7902
870
7232
8587
7376
1290
532
7768
9267
5449
6628
9655
9736
3060
4469
1736
1993
6846
6767
525
9328
4556
6700
6147
3397
8906
5556
7248
6900
374
7361
2028
7508
1858
7663
5204
1534
5924
9316
2642
7633
1731
1125
1674
3808
1333
8947
4038
2625
1225
4715
4074
184
1424
5634
3139
9676
1029
2859
6988
3414
3805
5559
5536
1636
9199
3468
2065
5886
6188
3418
465
915
9029
4679
890
6508
3271
3008
1097
6437
8391
2707
5231
16
8249
3611
2957
5645
151
6690
1916
5447
8256
5595
2691
3542
7111
4738
3507
2012
3953
9307
1120
8419
7316
9197
3421
8713
3653
535
3671
903
8409
3721
9354
2025
421
1375
7143
4531
2208
650
4312
6422
3454
2702
5922
9580
8902
154
235
9215
3578
6829
4504
1779
1100
5851
6144
571
7099
597
761
4847
2551
7703
9549
759
822
8872
3513
120
9393
8651
7002
6595
4927
7218
5663
3441
1572
9997
8924
6850
6646
4648
2919
2179
6831
9766
616
7150
9726
7654
3457
9332
9773
483
5647
7049
1234
5548
8271
232
1901
8361
1564
5567
6238
8134
5121
3367
998
3281
7021
3167
2411
1430
8170
2564
3268
9579
682
3089
7015
27
7273
8375
1880
4514
2306
4623
8047
4475
9073
8578
2921
1974
3516
7731
6958
7995
4269
2121
1435
7469
6966
8423
1465
7410
4494
3698
4948
2662
9865
8502
7705
4702
9187
1307
4823
1051
8809
7066
8807
3020
7117
1425
6651
790
4138
7622
579
6285
2907
5610
7379
7862
290
3212
4009
6348
611
7502
4272
2873
2352
8603
1597
4098
6874
9566
716
4173
679
4942
105
2835
134
4991
3523
4748
4429
8785
4174
1446
2773
5810
2549
5507
4615
3062
6302
2682
428
6876
1186
2856
5503
309
5966
9324
8255
7550
466
881
9086
5320
6115
1550
4140
8652
8277
7835
8672
3490
3785
5156
3037
2214
7822
2042
8641
3604
9633
5730
2968
9535
3006
3809
3736
5462
1678
7280
7853
30
3552
9743
1827
7498
4343
9669
4518
2194
7184
2190
1919
7962
8253
6785
4104
7664
2542
3434
6578
6713
9531
4912
4653
3273
632
7241
3305
8295
5347
3782
8435
9598
4199
9982
6764
9139
7050
416
9565
1756
5735
9182
6171
7818
2689
3838
1634
5524
5581
9618
723
8611
3025
3155
9588
5671
7732
1633
205
3121
7431
9225
7003
1562
9276
614
9230
2932
9305
9883
2838
285
1474
4787
6101
2138
1649
7332
9158
3555
8682
5936
3118
9671
7518
1236
786
6859
4320
7442
5983
5278
1985
6916
5379
5578
977
6321
56
2658
1144
9536
1087
1989
9054
371
5140
7584
6503
2099
5784
1618
3746
2399
869
3340
6588
2938
6301
7683
2712
2195
5900
2546
6020
339
5013
6324
5713
1438
5409
7402
6021
3336
5395
8418
4045
8188
1959
976
7457
2368
9036
2752
8909
1891
9499
8801
59
957
4020
8142
8308
5930
8213
6381
8954
5134
7613
9532
858
1268
8211
4591
5424
1545
4460
6399
2688
7391
76
265
1607
1866
1799
4033
7543
8549
1171
3899
1134
2854
7042
6626
2548
9181
3633
8022
337
4686
1142
6316
9053
1252
7807
2525
4969
4087
8723
2704
3737
7834
947
5350
7463
8565
8379
5584
239
9477
8618
9076
7286
6463
5382
9476
4986
5992
2896
8217
1851
7333
4091
2630
5195
9799
5148
8674
7740
9682
9882
2114
9529
3553
7528
1742
6607
5566
4317
4882
927
2665
4726
6898
303
8003
2906
7532
3743
6546
4385
4661
7309
2970
9145
7171
1393
2934
2600
6323
7179
2400
2336
9089
4202
3355
4729
7572
627
688
1924
3461
4539
2026
9508
9480
4168
577
4895
3619
9339
340
1783
2077
4690
1200
4826
940
582
6341
6591
4334
3970
6544
2511
9510
498
3865
9821
2730
6771
4049
3972
5737
1719
5049
3937
5770
3815
855
29
7506
3567
7911
1589
7212
2096
4698
3126
8688
5684
7843
3009
111
9212
7846
8120
5159
8187
2146
6538
4797
4036
5635
9064
1971
3356
5760
5680
797
2621
8077
469
1939
9970
2806
3007
2913
4774
8189
2654
5396
1638
1184
3211
3728
3159
2580
187
4985
2732
1138
2875
2813
4241
7269
167
4316
5487
2116
5807
9204
2161
7909
713
2264
5391
5955
2429
1223
1601
7738
4873
2442
6329
8145
4785
6187
1066
1024
1968
8925
6216
4079
891
2736
1190
6205
7097
6867
7974
2196
4563
4384
3608
9994
7726
600
9099
1047
8250
368
117
9091
1357
3234
8926
7351
2751
707
9463
5466
7344
3266
3075
6959
3898
4262
5562
1392
3488
2725
3558
5016
9321
6773
2536
9784
4387
8006
4831
3946
3458
2953
8366
7044
6057
8548
4555
2102
5937
8606
121
1118
8510
942
4625
2983
8468
6706
1738
8645
8210
8360
4939
2868
5855
4951
4573
5254
94
8935
2038
9200
5128
1414
6720
8438
9101
4118
7158
6175
4484
3071
5752
1563
6192
7966
5844
8125
4607
4412
42
8773
7229
7400
1358
8315
5620
744
3710
6003
7085
88
3300
8284
8930
4592
7651
1341
6858
5457
8679
5991
1180
6823
8156
7475
3699
6614
3522
8624
9180
9396
9643
2601
779
4457
9330
1214
2876
6635
1595
3132
8108
9913
7192
3404
8847
3161
5793
4270
6347
7670
2192
4816
4237
9088
6584
461
9467
9619
6732
9678
2705
6207
6521
1767
3269
546
2484
3343
7854
7268
5654
7836
1809
4677
1898
7780
1965
7904
9175
9434
5812
4005
1055
4821
7499
676
7233
1952
9010
6183
7811
1769
1695
2309
4053
3753
8943
2541
2528
2398
1277
7112
4584
3609
2844
8664
5119
5789
8715
5120
7967
7831
666
6659
8805
9023
829
6535
202
6517
7619
7148
7168
4268
635
8233
2492
1808
3556
3819
1237
1209
4970
617
1255
5881
2233
765
3287
4054
1624
4337
112
5305
3519
6194
250
2780
5356
991
5179
6469
8180
814
4293
965
1331
9095
5430
6240
4486
2886
7531
8558
2526
6212
9335
392
4710
1830
550
212
5226
3243
6374
3890
1592
671
4423
9453
6896
3690
7594
5972
31
5659
6786
2647
5801
8368
8833
7621
2597
7237
2827
4627
3035
9765
1593
4911
2533
5219
4245
7537
576
7027
982
9770
5001
901
9562
583
8703
3316
9775
3188
5184
4085
4682
8739
2627
6251
4889
6707
5845
253
407
9492
5727
6401
8012
1461
2747
6091
7587
7198
7548
994
5009
695
9754
4548
3275
4746
2636
439
9030
5151
8521
5439
8540
7312
4161
3797
6470
460
8615
2989
1848
5190
7889
7833
4300
7625
6105
7170
7557
1088
7372
5378
1969
8288
128
7645
4794
5859
5917
4624
4695
6119
3906
929
6753
4875
1894
2973
7221
5723
4056
8919
6758
1493
7870
2506
2008
7842
7871
4931
8704
4926
5729
9452
9605
1834
3359
8186
8766
1561
2903
7339
4134
3629
1818
4381
9720
5160
7860
8666
8365
8852
5825
894
3125
9459
9741
9287
6403
7950
9312
1288
6654
1135
908
1614
1735
4368
2936
6985
1567
954
5007
6313
3945
896
9231
2966
320
7545
2847
3438
3000
4473
2984
1515
9112
6957
7644
4007
9140
7702
3213
4725
1353
1412
8916
6373
3686
7495
1984
3894
7925
8751
6465
7139
886
7120
6669
8754
1471
9281
4922
738
4006
8330
5862
8141
6624
3579
6822
8492
9808
6889
5905
8467
9227
8122
1397
3479
5030
6450
8796
5419
3002
3551
2440
8953
6681
8964
211
8534
7757
5039
5652
8621
9557
4239
7509
4754
9952
5066
9156
194
543
3930
4585
1419
2414
6864
1579
9716
6989
5718
1253
8457
8837
4458
3670
6790
7300
4966
4236
1795
3250
5333
1369
4014
1773
1724
5653
9534
7338
3965
825
6992
2613
9937
9081
8439
9013
8557
3998
2034
4243
3202
9666
3205
4769
9601
9432
1159
2519
378
8154
587
2177
4576
4937
6936
5362
2713
5893
3110
7283
1057
2487
6826
2106
5564
3544
3780
2884
9929
418
2602
8461
9085
3506
3650
1003
8984
6394
4828
8175
8613
4639
2267
9017
7910
3379
1053
1604
5628
6116
2260
8854
9632
5438
2836
4832
3508
3178
7227
6200
6695
3106
7353
491
6004
5351
5008
2068
3357
9487
2140
4756
3423
8416
2091
2432
5045
3010
7319
4521
9027
4459
9440
9258
1997
9464
457
1847
8667
4037
2547
6241
7270
3182
2273
9927
2075
6766
5607
3583
2064
312
3770
6552
6861
1524
3993
5241
9767
1981
3041
1207
6351
5746
8753
52
5537
5783
1932
8196
118
329
2927
2464
7435
4102
5407
8634
5976
7292
2303
9892
6034
3565
6855
8054
9183
5482
3358
9558
4323
5763
6153
5732
2488
7671
3063
3630
7517
3128
817
1098
6365
4253
7939
161
8235
3591
2756
593
4375
5376
3967
1102
3455
2473
8197
2105
8820
1992
3661
385
2890
1283
1271
6597
2446
3521
3704
6268
9067
2799
2237
330
4857
3758
1141
9288
7856
4425
3739
3083
4249
2150
1411
4917
3540
667
4513
4938
2438
4255
6342
1447
634
7992
8484
2804
6813
7153
7182
6219
4348
8049
109
6549
1900
6061
2
5808
1033
7765
540
9028
6130
8658
400
973
1468
1896
9142
5824
1072
934
1875
9446
2766
7940
672
5515
3093
7373
1787
2512
6792
6242
2048
3319
6776
5475
6693
708
6314
6150
210
5979
6466
3956
5276
9167
3003
3582
935
2404
6231
6447
7646
8240
5316
1681
2655
9228
8600
4869
494
5603
6615
9683
9849
4610
8513
6051
6121
9371
6066
5289
7983
975
5269
2698
4617
282
7961
547
5334
5662
4297
5785
5962
787
4941
1258
2437
7903
2386
6390
3120
9584
3111
660
9516
6777
1251
6026
9165
8133
5108
6944
5704
8635
4497
5987
5216
1023
1514
4839
3720
4456
2290
5690
6717
9148
9238
7954
2650
7254
2802
7704
3320
2716
3038
3314
1935
2693
9283
6448
7601
4975
3171
9774
897
3214
6170
9719
5202
9830
3324
6996
3465
3717
6752
237
2697
113
1059
559
142
1491
6630
8460
3341
3981
4658
1602
6395
179
902
6637
7258
1669
9244
6523
1027
5994
7476
8844
1870
7207
1428
8846
5927
983
2669
9957
148
5220
5853
8734
7786
1986
4818
3165
2076
6173
2281
4422
1167
5933
5492
1039
6655
4522
4448
1220
6821
4687
7497
9159
1777
6734
4963
5143
2481
9015
5486
6477
1001
9665
6076
680
7354
763
1441
4124
3845
2939
7574
298
470
166
8222
4616
181
9104
8724
8051
2978
8970
5800
6293
2043
4450
3620
5067
8859
4511
8938
6568
9333
511
1539
9564
4205
871
524
3561
3443
2993
6839
1235
733
3017
5857
6204
6728
3774
5385
6961
5942
4928
1373
4630
9973
4088
1658
2444
6046
3719
8320
1770
5632
9768
8083
2880
8464
9072
8414
2225
6344
3798
8001
2790
7413
1241
1776
5990
8755
2748
7224
4075
5706
1763
2095
9172
5239
2591
4813
1921
6048
2166
7422
4762
5251
7874
3095
7790
5880
2562
9964
8321
5423
3437
7864
254
5949
3885
7676
1014
6127
7973
905
8576
3530
6419
8640
8198
4052
6218
2643
2687
8752
2069
9404
7016
8865
6294
5300
6736
8944
3225
1128
619
8784
12
6883
9709
8370
4790
8841
834
5023
9916
8367
1233
7977
3880
8448
4611
2334
8206
5069
273
6558
4089
3595
348
3515
1036
4046
3646
9290
9941
2059
207
5902
1850
8987
3665
5901
724
5589
1196
2127
6227
8977
6157
1346
455
3969
1559
2491
3688
6531
9128
3795
566
7996
7311
262
8983
3985
7693
4476
2628
436
6213
3240
482
8522
3919
9121
8072
342
6161
8427
8449
9210
7958
2189
3144
4684
7630
6816
1079
6179
6683
6415
2951
480
7017
8553
7808
9299
1807
1473
1313
8372
5914
1575
9325
6909
6015
9744
2664
7800
334
6243
5623
1963
9448
2007
2490
3158
2128
7560
8166
2882
6757
2850
8121
7722
590
4804
5435
2572
9224
5792
4753
6931
9009
6852
1043
2182
1626
9462
2382
9679
505
8494
338
153
9936
7972
9700
6685
7368
1922
4718
7025
5508
6143
4649
9946
3304
4449
698
3186
7375
1335
1351
1060
8858
8776
7880
788
6072
9397
1076
51
4481
6000
5117
8656
6721
3022
8273
4910
3778
7886
1617
3398
9842
5674
1722
2261
3883
1888
3337
7632
1041
6409
1941
1555
3440
9021
7157
3850
3085
2089
5959
663
8515
510
204
2720
7924
1267
969
1091
6385
6355
6354
3369
3973
9232
4017
9249
2759
5516
8400
3391
9974
5321
3697
5744
8075
4663
591
2638
9066
8070
132
9483
3471
4651
4735
9870
4732
2232
8111
8265
223
5294
9642
3789
2746
9572
1179
3222
2251
7771
5891
4908
9160
8583
350
5088
3910
9739
6606
3289
7512
5852
7219
3297
5728
8078
241
7580
2427
7505
950
1359
1319
5365
5046
9461
7570
6496
5885
9050
4983
1123
4786
7201
1377
248
9189
1871
1869
4211
6322
6968
2898
1996
1852
9334
6981
2949
4626
3950
715
2683
3382
97
1132
6156
2754
6123
8644
6682
4731
519
914
7352
1715
2280
2674
5724
4044
9304
9124
1713
7986
7244
8525
7520
8397
3836
9867
2370
7288
9943
227
2846
7863
4594
2731
5124
4012
1499
9548
2722
1048
3021
8234
1245
8325
6702
8335
8799
7151
9901
8992
4524
7177
9912
6461
292
8561
506
4974
6735
3332
1657
8519
8262
8057
1151
5372
2573
2565
1513
8962
2633
9810
4041
6025
3681
3830
1704
1011
1697
171
7687
9698
569
9811
2495
4472
4620
2293
4125
3616
2632
4781
5619
6564
659
8025
468
5689
4720
4160
6393
9417
4106
6312
9387
1714
4933
1084
9663
5027
2430
2289
8172
7848
3487
4960
8710
2768
8637
6586
4418
9501
2783
159
4701
2911
8275
5965
2470
7195
3651
4339
3537
1752
4165
7829
8551
3147
7798
1206
7020
2667
5427
2247
2101
2061
5401
5245
5557
5209
77
5617
2507
907
3415
5767
1101
9523
6556
595
1291
1845
6254
8487
4678
1495
6391
7488
4303
3079
1347
515
745
7893
8314
3113
6862
1728
5768
6696
2031
2830
2605
7959
4324
7048
8580
8690
3844
8201
561
5373
3590
7589
5759
9438
486
247
8272
5558
9271
3882
8738
9965
3628
8759
4872
2848
8230
9932
2220
9266
3931
7274
3365
7281
5916
3054
9595
8280
542
476
4621
8471
625
2926
5428
2626
7485
9401
5060
4550
4719
5831
1616
182
1908
4015
9959
5861
4859
8061
7960
5126
8725
2558
5058
5749
7265
6918
3148
9441
4532
6305
7672
6849
1839
8388
1082
760
2673
8622
6494
5585
7450
8399
1792
3938
6397
2172
7592
3450
1352
5847
2818
9149
8398
7491
6551
2283
3735
4824
9651
8873
2467
4631
4885
1833
6912
6740
7783
5576
7388
5322
5085
943
492
7118
7932
6550
9837
6009
3657
5059
8878
8009
588
743
297
769
4923
2508
1663
1019
8417
2348
7999
9561
8192
7116
1881
7861
1250
5125
9192
6056
2586
1218
9894
8202
3999
2084
6562
6703
9447
2317
2750
2104
9621
3235
150
3640
1946
2207
602
7577
4602
9570
83
1904
7370
2760
4528
6446
4680
7451
9329
6434
2454
4294
7639
359
1694
7551
5340
1381
7425
3532
6529
883
8687
8730
6787
9494
5657
2585
6106
137
8425
3864
9080
906
7749
8264
9887
4107
6678
7691
794
7976
9450
6277
9911
11
226
4055
4228
2816
6077
5549
2559
9338
6795
4958
8569
3499
9667
939
1311
6334
7609
9042
4858
1755
9449
39
1698
5600
9948
6902
1775
2211
1456
1486
714
7694
3004
4407
4302
9202
1979
3380
5416
2445
912
7841
5281
165
2315
5643
3680
8531
5563
873
7666
2849
1605
163
9403
3058
4935
9649
2363
8639
4167
3150
4712
2463
5429
6093
4841
5598
5197
6485
2739
6982
4879
8171
8851
9827
5031
176
3539
9988
6596
4747
1327
1895
9609
2219
4383
7533
3231
8647
916
5200
6456
6239
1158
209
6172
7216
675
3592
3984
3043
5776
7953
1460
8628
2020
2141
1725
8523
2471
4011
4488
5960
7335
9512
690
4251
9509
972
9241
4825
4644
8002
7890
5392
270
665
3723
9686
314
4559
6331
651
8094
5215
2413
637
3127
1153
8248
8103
749
5538
2274
8165
3015
7387
3712
4301
7454
4924
8856
7199
9975
4740
4512
8602
1565
2950
2433
5693
9004
9356
6581
664
6098
3175
831
1263
3705
2199
4733
3284
3596
9457
7459
8392
6065
9392
6264
2326
4640
3262
4566
8881
6673
9481
6002
1002
2367
9442
2066
3573
3925
2355
7434
4507
4427
9840
6810
962
8332
2872
9962
986
9221
5974
3366
8501
3677
7407
9298
3535
6118
133
5961
8761
172
6952
4894
1800
7815
7851
8824
9407
8349
9648
8594
7814
3293
1519
6603
613
344
681
1405
8901
3745
852
199
2235
5110
1342
6097
2365
1815
5324
3990
2762
6866
7941
766
8937
6484
3711
4802
6279
5572
1385
4390
4220
319
7137
3787
268
6113
8290
8179
7828
5596
5345
7826
7075
2394
574
1338
4001
7487
8328
2740
7648
4739
4404
4706
2388
8373
6084
1071
4779
3193
2629
5192
1221
6198
2085
9310
376
2169
3839
6853
6059
4582
2460
7714
8915
9930
9098
5709
7614
6382
3274
6513
4766
5874
9001
3638
8
8334
126
8102
9890
7776
5366
1260
8790
3684
1889
4851
3047
6928
8775
7322
9111
3361
5413
2787
5301
9411
6090
6830
5352
6027
5552
4346
79
3707
3876
2577
5867
1095
3402
144
3693
2201
9315
4393
1804
2160
8274
3588
816
8689
8281
2967
6266
9638
9942
147
7568
6247
8816
431
3413
620
9255
2476
9279
6308
3887
4208
4561
3001
1295
6064
2867
363
2301
3303
3641
7215
9611
4185
1712
5797
9917
6969
9220
2120
737
5725
856
8866
865
9006
8892
5070
8750
6676
6094
4767
8292
5791
8010
1942
8167
1378
2049
7317
6318
3050
2032
8150
6949
5551
3538
7059
9257
4366
7438
7604
2041
2832
9725
4580
7819
6033
6745
5649
6468
5616
3042
4025
9497
8631
2493
1285
2634
8115
9992
4897
6369
4016
2942
9
3872
1243
1477
4672
7103
6610
3564
9954
3318
4553
4370
7715
1796
1426
8035
8442
3644
8163
4613
2313
8434
5458
4024
9541
6478
7190
3034
2238
6128
857
9869
8086
8259
1793
7582
4803
1765
3897
7072
3360
3652
4223
4380
6924
8999
6379
3854
7878
7779
8981
804
9217
7586
316
3227
9252
4188
7360
8577
8517
1766
6504
7465
7597
9364
5604
3493
564
6298
8138
5146
8239
5114
2122
5525
6879
2579
3181
8940
366
9760
3896
3067
9246
9070
2684
5072
65
1094
562
9602
8903
3248
8512
7535
6338
2745
2337
7876
2607
2494
4980
6501
380
7078
2013
3428
5928
1798
1199
7345
61
7263
3208
4906
8794
7390
8109

