327
121
858
493
418
344
990
669
756
129
478
471
624
589
548
282
323
668
386
519
525
857
135
208
764
402
608
147
632
664
457
573
785
708
879
361
714
35
678
47
455
845
27
929
252
744
246
490
930
726
875
346
223
103
685
242
892
575
688
377
719
639
237
191
349
997
362
926
479
23
151
893
452
633
465
773
316
806
534
694
588
925
261
277
653
303
405
128
599
87
94
460
127
188
627
736
351
255
232
529
38
924
556
580
335
912
502
475
274
25
148
823
725
324
72
158
966
788
778
836
435
440
999
204
497
592
26
214
417
650
848
50
611
766
711
273
652
679
765
176
791
889
515
287
298
407
958
459
955
355
182
748
803
638
760
301
331
180
138
126
369
388
805
540
686
559
505
886
288
992
33
871
115
210
821
727
962
553
253
703
517
617
842
729
443
565
275
82
919
403
934
662
354
567
769
15
786
544
560
228
494
96
906
745
10
843
133
97
29
687
751
404
562
917
102
826
802
666
217
91
665
673
605
445
600
601
321
558
89
746
837
299
949
619
90
218
171
501
533
952
620
854
552
850
587
184
241
145
213
937
86
676
165
390
817
178
616
935
629
481
385
794
259
185
425
371
661
63
183
749
333
312
286
710
779
173
251
636
976
374
302
379
119
250
170
19
59
330
730
667
366
112
735
834
939
655
222
357
989
809
262
233
36
596
702
358
485
125
832
691
700
728
32
645
270
911
412
325
737
65
339
876
400
7
900
68
698
380
969
527
720
21
861
510
442
28
868
75
915
107
628
938
364
397
382
307
472
20
931
921
189
37
55
828
122
855
360
31
626
516
522
995
166
967
520
137
790
942
319
256
356
34
347
905
225
767
604
375
310
39
975
6
352
981
260
699
830
309
247
882
819
941
234
913
108
901
618
381
511
378
174
58
464
936
143
257
175
689
542
988
759
612
874
738
394
373
110
131
492
353
986
585
163
42
607
595
451
71
538
240
671
342
877
841
625
863
134
880
723
894
609
164
630
248
235
219
750
660
9
849
424
85
503
984
64
581
80
499
654
968
199
461
569
100
389
903
284
190
561
146
576
341
591
368
783
153
101
308
124
84
713
776
426
334
427
387
839
568
5
279
149
140
306
820
884
56
70
359
732
291
659
684
793
701
263
859
717
450
904
416
114
829
663
899
563
162
869
476
784
896
709
169
822
144
61
367
49
577
434
11
139
872
979
372
254
593
846
695
923
468
167
833
54
878
283
964
853
406
322
554
961
431
1000
157
578
76
933
215
696
571
690
106
267
88
74
998
383
504
22
104
398
315
179
946
613
207
203
463
644
777
890
491
762
436
200
458
670
950
856
238
956
293
52
13
910
881
606
408
43
873
564
920
883
304
276
907
642
963
635
338
537
448
83
296
532
81
437
245
44
477
113
507
470
860
66
586
438
844
198
117
444
546
987
98
566
132
201
206
313
622
152
120
483
136
932
269
220
343
186
414
597
774
895
498
752
156
590
229
428
429
675
733
495
192
721
742
320
264
657
212
209
851
92
4
971
365
272
48
168
14
953
753
945
870
960
292
674
623
395
683
615
758
278
947
818
376
422
216
772
944
814
747
965
469
473
547
41
649
265
782
771
584
739
603
631
484
305
467
908
535
594
646
974
583
864
927
348
3
430
743
951
980
734
227
570
506
637
677
943
898
441
572
852
888
488
815
432
582
12
754
60
948
399
550
994
194
24
46
916
528
918
643
45
300
977
401
466
449
329
53
258
866
73
640
123
266
294
781
775
332
983
798
130
810
991
978
93
957
902
996
835
154
541
681
69
840
57
651
763
411
602
326
172
447
705
598
531
551
2
972
177
474
707
524
393
421
433
692
816
539
142
196
391
281
79
318
8
500
530
680
236
825
549
244
770
413
838
161
370
621
731
40
509
755
812
928
862
99
396
648
909
295
239
116
181
940
1
453
672
337
715
885
77
740
792
768
827
202
224
614
160
891
78
384
311
574
195
658
155
780
824
439
897
285
221
297
111
415
704
271
801
280
446
480
865
887
345
419
813
807
787
289
797
914
800
67
51
350
706
722
454
579
526
716
831
804
496
243
545
555
959
363
789
741
795
712
486
557
993
109
799
970
18
641
523
317
693
487
193
17
409
543
95
610
867
205
508
230
697
187
159
514
811
420
757
656
462
954
150
118
482
682
249
647
336
456
211
141
724
62
290
512
761
231
340
922
985
197
423
226
808
410
30
521
973
513
392
634
718
314
105
982
268
328
847
518
16
796
489
536

