1096
1852
1079
3295
4511
1152
3904
2722
970
1835
752
1725
4693
2672
2847
4576
381
192
1080
4054
3856
2517
1803
3584
4580
994
3590
2401
1836
4469
1124
1510
2188
2404
3740
4675
3345
4017
2312
1531
4564
3710
961
124
597
1111
1627
316
3734
243
1140
1066
4286
4530
73
3973
3820
3836
2076
2785
1723
2305
2259
2693
1411
535
3742
3737
291
3759
3690
844
474
3984
2996
1211
1822
1774
4473
1575
660
1483
1128
2370
1969
4343
3052
4449
1217
4848
2656
1424
665
4780
4011
4673
168
232
747
976
1232
1094
131
842
4896
2209
2078
154
4882
2944
1850
3735
4290
686
2489
2472
3317
2991
2120
201
4472
1437
3624
1267
1326
1306
1581
157
881
3335
1024
3426
2829
766
1551
1162
3178
4687
3996
3230
995
4402
4763
3487
2925
2598
2997
958
3707
1609
1704
2124
2021
526
3471
3265
1228
1892
3598
1611
400
3127
3402
1103
1977
4578
3066
3945
4603
2726
4480
1233
3708
3979
1308
934
2289
2393
1769
4639
1030
2391
4592
2490
1324
4106
4292
3733
2953
1770
3241
3140
466
1288
3975
1
1976
2219
2332
4077
4823
4904
703
2741
3478
1898
2248
2595
4722
739
3889
817
254
840
2703
4354
1793
645
2385
4223
2268
1373
2797
2423
226
1465
1586
4596
3638
4464
1473
2718
1414
4489
4064
112
1828
3785
1122
2083
2523
1864
2164
1113
799
1123
1829
2791
839
4984
2892
3771
1377
915
4157
1276
4853
937
827
2269
1463
1184
4624
2913
2438
4854
1685
3841
562
629
833
1206
1466
178
3412
3469
3106
439
4609
40
4355
3538
2257
2918
3089
1895
4509
4747
2528
1654
4406
4164
692
2972
2933
860
2399
3744
4923
3683
732
4550
4852
2532
4185
4051
2938
3003
3686
4520
3445
4125
3257
2226
4712
334
2367
2276
2943
4395
4221
2553
1269
3078
2496
1237
4478
8
1043
541
887
63
523
2954
1468
3964
3565
2615
4419
718
2239
2769
2603
2093
2861
4767
69
4239
4698
4246
2478
1529
3857
4517
4099
2156
4944
2749
3488
3049
1415
3223
84
1779
4201
2513
591
1792
2762
3937
1875
31
1022
1490
1720
129
803
2080
788
3326
1282
3760
4216
3875
3175
2574
4126
2384
4653
4976
3330
3254
1567
4552
4778
3116
4273
1260
4692
104
4323
687
636
446
1370
1884
2647
2469
3758
2241
2339
234
4375
2776
4749
22
709
556
4073
876
2893
1144
2031
4418
447
1752
3772
701
656
2105
2283
4403
2565
3371
268
4301
3411
2691
763
3327
1459
3549
554
3825
2138
4079
1776
3334
3517
1986
2650
454
4182
27
1073
1230
3914
4598
452
1129
1104
4020
114
682
2748
4407
1597
3876
1061
2823
2577
1787
214
3552
3627
3435
923
3529
3337
4424
916
3616
3813
3290
1198
351
1789
1299
3846
2294
4697
3481
2880
1294
1505
3092
3508
4070
1971
1973
3993
1429
2777
3064
2666
4153
3890
1613
2023
1422
1169
3601
1734
506
3991
4888
1538
4434
4122
3833
4501
3741
3168
57
520
2675
3919
4337
1569
3493
2386
1176
3822
1229
3113
4704
4654
3886
3662
2990
2688
330
3209
663
1366
2608
1596
1591
753
3129
455
3867
2843
4374
4121
1401
2329
3267
4396
3635
166
1947
4026
1283
272
1736
2266
3536
1545
878
4753
2071
4401
1970
4705
1016
17
2290
3903
1310
3408
1902
3010
4046
4094
658
3276
4330
4257
3699
4553
1390
1616
1049
3279
2242
4745
2491
911
1664
3355
1161
4202
3641
1347
2359
3909
1375
2955
4237
912
2904
4945
3534
3413
789
4703
2960
2735
3871
111
4391
4320
3079
1539
2980
814
662
3361
2567
489
4683
3391
849
3105
1054
2512
2854
3001
4916
440
2859
2265
4885
2462
3504
553
4045
2503
4939
733
1579
1768
4065
4235
2808
979
1967
1904
258
1487
4533
2374
4322
3144
3780
4797
2351
2407
3800
2363
834
2372
4187
1756
1392
3115
3039
1339
1749
2644
955
2956
2544
3114
3047
4220
3789
2771
851
1817
396
3622
4605
989
2387
1148
2406
4967
3429
1420
3462
3082
3626
2330
1243
4329
3320
1410
835
1932
1593
4650
75
1956
3382
2132
727
457
4818
3881
2667
368
1564
907
4713
1376
3555
1565
4515
730
1706
2628
3724
653
1357
3783
4699
4526
4171
1701
947
3509
1421
728
3974
4715
4588
2474
77
3755
4013
3303
1329
4087
3704
2177
1158
1682
3005
4676
4663
4800
1555
2610
1649
335
4263
4866
4285
1274
4871
4710
4090
4172
755
1493
2024
4362
4215
2708
4420
1691
3952
1018
2377
352
959
2848
1452
4037
431
3272
3025
707
313
186
296
4366
1014
1446
2640
2126
2992
3716
4134
471
2111
2186
2222
4942
4559
427
262
1964
2602
813
4234
1138
3158
4012
467
1108
305
4218
585
1000
637
4910
933
230
4953
4072
4140
2689
1336
3153
4837
2993
3286
1755
1391
4809
3597
1518
4412
641
3505
4014
2018
4053
3201
2306
4905
3930
2073
3931
599
1334
130
4005
4036
4266
3293
4088
4455
1758
2799
3513
830
3751
2380
1195
3515
2317
1514
1226
3461
4938
1949
1679
3528
404
603
1133
1747
3246
1626
3053
1428
831
604
176
2088
2142
1017
1635
1960
1034
3029
2568
2875
428
540
3304
3284
1641
3669
4260
4390
1660
4284
4388
1048
3657
3133
4204
4409
3957
3059
2821
569
1171
4470
3401
2624
3646
4353
3893
2500
561
1028
4283
4549
266
2822
2908
4199
712
2663
4735
2809
1402
1320
2755
3581
1638
948
2099
4911
1798
793
2198
2371
4269
608
601
1164
1693
1617
105
4642
1187
3150
376
1663
4739
3259
3076
2813
4694
2818
1477
4091
1625
3717
4859
3818
1997
2756
2566
4616
3190
3745
726
3860
306
1147
4599
349
1820
432
125
4742
1502
3809
253
283
3998
2665
3452
1115
1547
2592
238
4386
4806
2072
795
4022
722
4756
894
2326
524
1968
1991
1610
1295
2436
3811
3482
1351
2285
1099
898
588
4986
3210
2637
462
544
4019
3944
1707
102
3647
2763
1107
3354
820
2966
2529
3959
132
760
1297
2649
1598
1894
2240
1958
797
2728
1027
1943
800
1301
3645
3448
4479
3365
1265
981
4897
527
571
1117
2308
2470
1238
3302
118
2046
1467
2643
2067
573
3438
495
4842
2550
2183
4181
4141
2860
4128
938
4119
2910
4130
483
1572
751
4229
1760
3050
286
3271
4197
2237
4960
343
215
1901
2389
678
681
4315
3417
2388
4574
669
4049
4649
1450
1669
2879
4615
1476
2214
2271
4565
4638
590
1783
3774
1134
904
3788
2832
2119
2019
1574
2612
1560
2508
310
3099
1683
1908
2187
411
219
3069
2362
3949
3832
4662
4500
3731
4282
2176
1495
2064
2522
2228
3269
2839
3981
4902
4898
3392
2680
1985
1009
382
3281
2465
4377
4850
3911
4319
1234
2962
4208
2035
3907
587
4891
1118
648
4988
50
1360
364
3184
2814
4886
2874
2207
4799
918
3896
654
3715
1915
2077
1163
4082
974
26
1527
1055
386
441
1933
4333
3347
3217
1984
4178
3024
2732
2833
2890
1059
479
2096
3207
3637
3978
203
2395
1740
1256
3865
167
2641
4674
4043
819
1559
4774
473
816
532
2190
4162
1568
3088
1843
1417
2383
1012
1999
3564
2485
4111
4203
4383
1955
1552
3951
4129
4397
1042
1540
1588
2155
3588
837
4232
2102
3458
3864
2588
4112
706
2108
3250
2167
2896
2311
280
482
3882
2743
2243
3747
3057
2361
2346
2920
2886
3012
2070
1700
235
3108
1630
700
3925
3955
1005
1859
4824
4540
627
3753
966
1002
387
3306
3253
2245
4156
2901
2635
2593
3353
2415
324
2135
137
3030
2948
1781
265
171
4779
670
3472
1546
138
3520
4426
4542
3081
1032
4943
3205
4752
847
4743
2352
2324
3746
3434
369
2366
2781
1457
4903
98
4189
2159
3450
821
617
4174
4275
1322
1449
764
3245
2006
1644
444
1730
358
4379
3801
1979
2789
1047
1367
3572
417
2949
2212
3436
347
2868
4115
2051
3847
3600
1655
2768
3110
1481
4291
498
1271
2970
1558
1201
1782
1684
4010
4921
836
1796
2039
4862
4784
4411
3814
3582
2319
4498
3068
4393
1146
4686
543
1285
1062
4975
549
3500
1046
3297
304
2579
2152
4700
4069
1642
1726
602
3599
3778
158
684
967
2555
3313
2622
3823
2964
2211
4807
2223
2213
3765
3936
3468
3443
749
2253
2333
81
3525
4716
3829
4431
705
2742
1174
3655
4066
4267
242
647
546
2572
3386
2200
1900
4002
2537
1888
3410
3430
3280
3562
512
1672
1352
197
3644
1742
931
2232
475
1503
3918
4132
3884
1869
366
3256
2907
3966
3268
3580
1954
4913
68
2313
2651
4328
2497
2145
957
1868
4400
3878
327
86
4832
2801
1262
4486
1623
2717
3196
3680
2486
3660
58
1615
1150
2255
4957
209
3854
285
218
4183
187
3051
44
4336
430
770
1435
884
1199
1427
2139
2969
4437
3388
1800
3924
2095
2238
4845
1441
85
3560
4762
866
4254
3369
2153
3972
1845
4512
2912
4135
2589
2903
4702
613
4883
3289
4847
536
607
3291
690
3791
45
2249
578
2141
1203
1982
4416
949
3166
3252
3138
1899
889
3713
3625
470
1083
787
4628
2256
805
2410
2125
4113
2975
4421
460
651
621
4450
383
3237
1057
202
2086
2369
179
3020
4751
4544
3950
1280
2653
2710
3632
4781
4514
2476
4309
4031
1842
2932
260
1757
3422
885
3308
3423
231
275
3340
4422
4502
4889
4180
748
4040
1039
1718
336
2291
2334
3695
247
792
37
3427
4989
2287
1303
697
2098
3834
4326
3929
4570
1251
1744
2905
3134
2403
643
4428
4917
4041
4838
92
4701
4723
1456
2978
496
2941
639
4690
4979
4575
776
886
4759
2841
1857
1208
13
4729
3109
3214
4538
2850
3466
3621
3287
4831
1343
2426
2442
2349
2079
3723
43
2740
2917
622
1877
971
3636
857
1715
4746
4860
3956
1350
2348
3739
3537
456
2168
3511
1939
4482
1439
4783
1750
1175
3026
1362
4865
3044
1051
1896
2481
4494
2795
2059
2322
3750
3824
4728
3521
3446
2929
91
3405
4060
2495
4872
3568
3141
222
2766
295
1132
4167
679
3773
555
12
2549
3749
534
796
2364
773
1998
1937
626
2179
2440
1811
4754
3476
1541
4096
106
3195
2418
4964
1348
2318
290
1989
288
51
3782
4297
2443
134
2670
2664
7
1241
4567
3191
3212
1215
1478
1386
3543
2613
2343
4427
3221
331
1060
714
2940
4959
3808
2398
1499
2233
233
1425
4142
2599
4933
2587
4335
2263
1667
1114
1533
156
289
756
2058
127
2473
3432
560
4176
1506
1284
845
2484
217
568
3453
3787
1189
785
1089
2185
200
4170
2906
493
3176
2773
2630
4028
2053
1381
2985
3179
3374
2711
1788
3983
3943
1508
719
2146
326
4384
3844
713
3866
3916
1738
1319
4840
545
1525
1077
4443
263
1125
4812
2671
936
4772
4867
3016
2047
4399
2107
913
1821
4907
2866
4684
2118
794
2842
2830
4414
2581
1948
632
4211
4695
969
3585
3576
472
1472
3112
1433
2365
2620
2831
1368
1938
1327
1515
170
2150
1887
3608
3693
4038
329
3200
394
905
3851
1076
619
3086
252
2736
2873
3143
3159
2899
3416
1651
855
2826
4652
1025
642
3264
1205
3607
4271
2573
1578
429
1142
3013
3174
3154
3475
1886
3652
4887
3795
1029
419
1743
4610
4258
1582
2246
962
1674
4394
2811
4346
144
3541
61
1632
3583
596
458
401
195
4499
888
3161
846
4999
3318
3242
1214
4814
312
1399
3235
2277
2739
360
1592
2575
3806
3414
2569
1281
2468
1849
4000
4485
1015
3204
4146
436
2760
698
4505
317
2601
2094
150
3962
2280
611
1093
399
1290
1862
2591
779
4614
1471
1643
256
3915
4925
10
2270
4152
2658
3390
82
3649
279
594
1677
3197
518
4251
3668
1507
3792
3228
3033
2074
2876
1695
4688
928
4637
36
1661
2450
2421
2882
2596
1681
3027
2390
1784
3817
3803
950
3696
624
3691
3879
843
1687
3570
4288
3128
4110
605
4459
1095
650
60
3987
2180
1149
3670
3396
3701
4033
2344
3377
1537
1098
1279
1981
1058
4294
1223
4177
391
3862
3329
1245
4206
3409
1346
1105
2865
3569
3477
3589
397
4785
980
4205
1517
666
996
4579
841
2316
4630
205
409
3368
3614
4055
4436
1916
873
464
3551
4794
4471
4875
548
211
1069
4458
1224
628
623
3681
1293
2252
2989
868
1052
2069
2002
30
2140
2448
3989
422
49
1419
2652
4507
691
3102
4519
3934
287
1717
2483
4417
174
1670
3261
4618
2546
4338
525
1486
107
3104
3473
1404
2952
3321
4042
895
339
206
4462
2304
1676
1314
3151
3578
3873
249
4357
1130
372
890
2561
4108
4217
90
2849
500
4718
1442
4633
314
1464
3007
3935
3912
2368
3123
2734
2564
3381
378
414
393
3985
4595
3480
891
2505
3561
874
4934
986
2143
3156
1807
4207
194
109
4707
3718
4004
4173
298
2282
1975
2562
1340
2988
3336
1703
2702
2278
1612
2281
2551
2527
4899
3183
25
4118
1013
1102
2174
4714
251
862
3932
3107
3697
4058
4510
3595
1500
2846
2902
1432
413
4308
3722
2022
412
2113
1008
2968
1440
3661
6
3352
3379
3314
1692
1116
3148
1264
101
1648
463
1680
4977
2049
2042
4717
2275
3275
3146
1606
4562
2683
2422
2676
1650
676
4620
1364
41
2919
2594
4973
2939
2161
2475
4584
2963
2028
2633
1629
3516
4541
3067
1378
1856
2133
1812
1945
2447
487
1587
2412
2204
1001
2009
2272
1394
1064
768
3258
4524
4101
1489
2444
4228
1307
2863
3640
615
693
4116
2087
269
4632
1312
529
4347
875
3021
4491
695
3623
5
3288
1728
261
4093
3048
3714
1799
236
2727
4493
4200
850
434
1194
353
1605
865
2894
3619
488
3752
3117
3393
4874
1451
978
3305
2971
4798
1090
4475
4880
4312
421
1631
2338
4864
348
2692
4906
155
2981
3775
2545
4137
2373
584
2698
680
3266
4969
3247
3810
484
2350
1944
1316
1764
631
4861
4546
2162
1548
3216
3227
1941
2730
165
589
1994
2325
4829
3986
276
337
4078
4169
1286
977
175
3926
1600
2984
4521
1907
1909
3591
2521
1906
4604
4168
3282
2221
2091
3887
2834
1454
4535
2498
1959
1893
3491
3301
408
991
361
1197
4252
1359
1860
1763
3725
3239
4303
3571
983
4791
3296
4621
4477
1775
4915
1168
3071
2342
1656
4623
2251
1825
4226
4032
4276
2208
4467
3367
299
2878
3384
784
4233
2433
1277
609
4758
4127
486
1474
982
2552
774
4299
2487
661
3341
264
582
4155
3629
2779
2260
710
2494
2695
4274
2284
1639
2871
2258
1791
4547
338
1815
3976
1127
1870
988
3630
3512
2144
212
2720
403
3004
3142
4476
3234
4270
2010
3483
2020
4849
1603
1139
517
184
3273
3633
448
2147
2011
1992
1562
1924
3784
2674
2419
1711
1809
160
583
47
4641
2737
4826
2931
3
4971
1193
4531
640
4963
4645
4147
2441
193
3874
4280
1990
390
1576
2642
4828
4593
2786
4387
4018
2460
1780
2709
1619
1023
4894
4680
2493
72
1942
767
2531
4730
259
2097
530
1212
2129
4447
3398
4724
3075
2838
4444
2169
4590
3348
3894
282
3530
1662
4332
18
1173
4190
2617
802
115
1928
2203
2973
736
2396
3338
4452
4568
3618
4962
4566
2796
1618
3277
863
1931
1035
4310
4195
3035
3014
2178
2379
572
2165
1443
1876
1983
4682
2292
3658
4830
2525
3706
2134
2003
856
325
772
1361
1082
1461
2782
1153
4677
172
2937
3960
3666
3540
1996
1006
3419
564
3942
1570
2677
1993
2636
3080
1289
2000
3187
671
4268
4325
2054
1554
618
3835
4367
1405
2626
4851
190
3828
2694
1913
2609
4483
4488
3366
942
3663
620
4909
502
4466
2267
4928
3231
3126
2884
3883
1714
3853
2705
66
3407
2449
2288
1553
1522
1501
4755
1987
2434
3665
2533
468
1647
481
2166
1847
4448
4083
1044
2548
4114
1220
4009
228
2965
4513
2004
3022
4124
1221
3309
4744
1041
4006
1019
119
2836
476
1754
1240
3653
1513
2229
2411
4442
4946
4833
87
4076
1833
3757
3093
3727
1300
3613
426
2405
1182
2805
2725
4492
301
3892
4227
303
4238
3712
1577
2504
515
2355
3333
3292
3559
2033
1873
4587
4034
267
250
2244
4318
4657
630
1946
4539
113
4648
2759
2657
2753
1084
4159
2254
3861
3612
4457
1808
320
4279
450
1594
2584
3425
4613
3087
3395
4008
3602
4612
4446
2883
3990
159
62
2600
333
984
3074
23
2509
1689
4819
1253
4734
2100
4691
1106
2195
2583
3400
1721
2127
4551
4030
2425
2530
672
896
4193
4264
1891
2858
2999
4075
664
1145
4230
1890
4423
2115
1530
3684
4241
2057
2452
1270
2
3006
4627
531
2090
4061
4102
3342
778
721
1652
2382
1261
2898
3316
577
4711
729
2182
828
4441
4304
2116
3994
1479
3233
4085
2706
1614
2987
4188
1447
2870
1278
1275
2112
126
2576
1729
2122
345
3928
3548
3797
2804
566
2942
3821
1354
4123
3648
3346
2336
3193
2101
1219
3692
674
4289
1372
4373
2764
1007
2745
359
1608
297
3285
4622
4954
1408
1920
4671
1249
3754
3781
4490
1488
65
4062
78
4937
1573
2524
2713
4
4224
99
365
3058
2547
2855
1494
2189
3610
180
592
4868
4765
570
4664
3497
3383
2356
761
832
3620
1735
725
1091
4740
667
2827
3198
64
3028
3779
123
538
3679
1636
4415
3312
1658
3101
3859
2974
810
2877
384
644
677
3721
2274
3456
1092
3995
1257
2515
4158
3460
53
1838
423
169
1678
196
951
2869
4503
3796
2778
2539
565
1980
3815
2197
4994
2136
4741
2230
3546
4348
29
1033
1936
2507
151
3173
1183
2646
1371
385
24
3611
120
3492
4870
2784
4651
136
4429
182
801
3418
1100
2586
2298
3404
769
3135
4961
4381
453
9
321
1313
659
4987
4581
1010
2518
612
2619
4924
2026
4793
2631
3037
4103
1801
1824
2479
4334
2340
4996
3968
2578
1388
1521
2012
183
900
3499
2157
1688
4435
2792
872
975
3495
2089
3997
3650
152
1085
4801
340
3248
3786
2895
3703
4884
1038
2066
657
375
750
1011
2065
699
3849
3131
808
3941
4105
4721
3673
4098
783
2536
1120
780
1566
4820
2787
1732
3594
3969
116
3484
4583
3831
745
371
4163
924
362
1671
3906
46
798
4339
3685
3702
121
4529
4052
4150
4378
418
1210
3465
1585
2758
2488
1556
4731
4497
1645
2231
3863
1081
1109
987
1930
1926
3514
3575
1341
2103
968
185
1762
985
4532
4968
3171
1491
3440
3063
4410
4404
1819
4856
367
4518
1963
2121
4067
3433
20
4311
3041
1250
574
3307
181
1273
2408
758
1767
1304
2654
2420
4138
3238
1063
494
2218
956
522
4805
2679
2690
35
1806
2300
2916
2950
1353
4287
742
1957
3018
1088
1698
2206
3709
4873
3459
2499
4527
1292
4787
1369
4487
3311
4029
3982
478
4242
2151
110
2040
4474
4548
2148
2158
146
4956
2216
3380
1962
4839
906
4591
1841
1137
3073
2765
4213
4777
3524
227
3009
4059
2192
1418
3170
1710
2109
2746
4786
4071
4726
2607
1584
2853
3083
1885
1159
1498
2597
1925
3470
823
2303
4640
4506
3137
3948
4589
2816
1393
1544
521
4327
775
3357
2029
1072
2043
1922
2538
4585
2439
2227
815
2402
445
435
3356
4918
189
4300
2881
3415
4024
3902
2501
4982
2273
1805
2302
2286
2638
1070
3855
1484
3182
1067
4811
1778
2301
3034
4255
4892
52
1185
2482
1335
2825
4841
4100
210
4775
4935
3762
4600
919
4468
786
4908
4659
2358
1395
4796
3177
1126
4893
4846
2320
3437
3674
1690
3940
757
897
2774
4350
3040
3988
1929
2682
1624
1621
945
3631
4015
2744
4307
2427
694
899
4586
944
4936
4451
3249
2014
3852
1950
4117
244
1604
1330
4966
3877
4016
781
2535
2519
586
225
3812
3441
2976
1878
2432
1550
3720
4952
614
1745
3729
1534
1272
685
4261
257
220
3103
1905
2477
1460
3192
2559
4244
3362
425
4313
3162
3263
3299
1785
3816
4983
3189
2193
1795
4720
741
4253
2696
3085
4993
1086
2184
1311
4558
812
1961
864
2163
791
3056
4681
2194
826
3603
4625
3842
4737
854
133
2926
4920
392
1387
4536
278
2911
4296
3539
633
4496
4445
451
2321
4914
3921
1445
3045
2044
1246
3360
3095
1921
32
1851
4636
3343
1101
4672
2041
2754
1436
3046
2378
1165
4776
2790
3664
1601
3542
4433
4027
926
74
3617
2055
3125
1727
3671
4635
2719
2262
2117
3958
999
4247
4430
3573
1317
208
3848
3072
2005
34
4573
1186
1966
4795
3502
3132
4825
759
2800
606
4940
4186
2516
2851
2454
2502
4225
921
97
3060
563
3394
3098
4770
3628
1542
4214
1526
504
1731
2891
668
963
3490
2752
3155
3768
1177
2199
2201
2128
2007
4317
2645
3501
1430
2852
1266
1666
246
1753
1202
2761
1172
4709
1733
1549
469
4198
3406
580
4834
943
4876
363
1298
4136
2794
4572
4272
4191
4748
537
1037
4341
1170
1287
1927
3527
3557
4970
1724
3372
2605
4025
1777
3457
3000
4259
3634
1965
1331
4481
438
2806
3011
3120
239
3185
551
4602
2733
1872
420
1333
3019
4932
424
4003
2590
1136
510
2264
683
1640
2697
1737
4655
3868
1213
4321
4736
3682
1716
4766
3526
284
1065
4927
3464
3518
307
1167
1865
2068
1178
1485
3764
2261
2655
1305
2220
177
765
4210
3319
4643
4166
88
3389
1599
2571
883
4789
1315
1816
4370
811
3738
858
998
3770
501
4990
1748
702
449
4750
4133
300
2315
2234
4236
509
3399
2947
1247
139
398
2453
4890
2437
4732
1482
2357
4768
2788
2783
941
935
2767
3891
2772
908
1216
1020
3830
4484
1580
1712
281
3920
2540
1620
4790
1382
28
2392
2114
4665
1914
2775
2104
3917
1358
389
1571
1832
415
1602
920
4858
1940
3042
533
199
2618
1345
245
625
4810
3164
480
1160
3523
1814
3961
4382
2429
508
4931
100
213
771
1227
2467
867
373
4219
4619
1709
1646
2812
221
3213
3694
3298
2171
3553
55
4597
1974
4331
1846
4561
1403
716
3756
3260
4192
2934
4250
357
704
852
2835
4792
3455
4555
1225
2935
2463
416
108
2297
3999
3494
1675
3294
903
4771
2712
3728
1209
395
16
356
1385
2924
910
550
2648
2461
1659
2034
3222
379
83
2337
2560
4413
442
3350
241
3927
940
2413
2570
3479
3485
3094
2466
2307
4039
539
4523
2414
3100
3486
1773
4371
990
4912
822
576
2837
2604
1342
96
4843
4380
237
762
1879
3845
4044
1110
164
4554
2856
1156
2506
3651
3002
3255
3609
4363
4678
4646
2998
380
79
2160
4670
4063
1119
492
4277
2464
4425
162
2660
1863
3839
2123
777
1523
2673
3188
4352
2554
350
4007
1191
1413
2627
3507
782
646
2130
2016
3643
731
4881
1874
2961
3545
2052
2685
4738
1889
960
1179
122
3730
3522
4131
2945
2013
4097
2621
3328
270
1112
3579
965
3364
2323
4660
2455
2310
3677
4634
4644
4453
1699
4139
1075
3449
3038
1910
2309
21
4611
4154
3840
1259
4955
2815
2983
1074
4788
715
1141
318
1951
1398
754
3885
76
459
740
2844
3769
2354
4151
4802
3283
1431
3358
2202
4528
2397
514
1705
3202
255
1323
1897
992
2191
4998
1078
3403
4456
1263
1492
15
4265
4148
595
2714
2345
4985
2715
2928
3315
3017
4001
1622
1188
939
4212
2900
3970
1512
861
311
1397
198
1291
3826
1766
882
3748
1239
207
2668
2936
1374
42
1332
1696
3908
1935
4656
1694
3510
4666
4557
3777
4948
59
3186
1045
4107
649
4408
1834
1448
579
3923
4594
3554
2314
2459
2914
410
635
932
2092
4719
3593
4080
216
2723
1831
142
407
2381
4951
4120
2416
519
4978
70
2181
3062
4727
3387
2327
914
3827
4760
2514
143
3574
3872
744
293
2458
3097
1923
2614
2810
1653
1003
3351
4089
4992
4545
3776
2857
4245
2979
1356
2738
3819
71
388
2700
3531
2025
1097
1797
1026
2543
3147
1021
2802
1880
93
3895
1235
3370
673
1071
4803
3532
2888
4438
3858
675
315
1325
4298
4359
4974
3550
3331
2137
2701
95
1444
2510
153
2986
1855
1633
2922
2534
2173
240
4577
1458
2353
507
3181
2075
3467
616
94
2864
567
4895
2062
4342
997
2027
4844
5000
3705
1154
4149
3938
4855
4144
3688
1166
4281
542
4991
4256
2707
3160
2480
3577
1535
1589
3897
2770
302
1255
581
3933
922
89
892
734
2106
4035
2994
807
4950
2409
1004
3586
3163
2001
4504
4922
3547
1978
3659
4465
2661
3332
4389
2082
3805
4522
2210
4349
2435
2299
2662
809
1830
2686
1363
1708
2820
2060
1823
3090
1810
1952
1318
720
4356
909
901
1883
4364
1858
2061
4930
4878
2451
1204
2526
3145
4556
4358
1328
3567
893
4340
33
952
3558
1871
3947
1180
2563
4869
3232
1207
3726
370
4827
4344
2639
1634
1155
3199
4463
1519
4696
4369
3870
871
319
4534
3519
3953
652
2424
3324
1040
1561
1383
4821
3274
3165
4368
39
406
3596
1036
930
3544
1590
1739
3036
1196
1222
1236
4608
3211
3055
433
1344
3243
1844
1254
1628
3447
689
4249
3763
3344
3656
499
4351
2889
294
3732
2958
405
2081
3837
3954
1995
163
2296
4243
3687
2430
3939
2995
2704
224
4385
2036
322
2030
4165
4084
3270
3378
3898
1563
277
344
273
3439
38
1504
4023
2045
2235
1121
3880
2747
309
3899
1151
4460
2457
4295
610
2149
3689
3023
4563
4081
4949
128
3910
3719
4248
2793
1665
4995
4836
4293
292
3136
3278
3070
490
1496
528
1365
342
3900
2611
1248
2687
1520
2982
1741
4815
2632
3922
4804
708
3766
2293
929
4454
1903
2205
806
2394
3325
323
4262
2716
3121
2017
2921
1416
2669
3339
2824
829
4345
593
1511
2557
2400
3698
1818
1469
3424
3172
3349
4048
503
735
1192
4679
3385
2008
3130
3043
3061
2909
516
880
2341
638
4877
824
3506
4537
2828
2930
1848
3761
1497
4926
4965
67
1790
3118
2721
1657
135
308
2819
1853
3054
4919
1231
477
3224
954
2807
2050
724
1516
4997
600
3442
2428
1697
2845
3220
4508
4324
1827
3229
1854
2376
2885
14
3804
3215
2247
3149
4360
3566
377
2279
3676
825
4278
4405
4372
1543
4056
1068
2957
559
552
4047
1786
2224
2295
3180
2032
1765
3119
3798
4365
2445
1826
117
4764
558
2331
634
1759
3454
1480
927
1462
4179
4104
2084
4314
402
2037
3208
3654
2431
3615
804
505
2335
4863
1866
696
1919
1751
4392
1668
838
2629
1861
3323
717
1673
4582
161
3489
4398
2417
1918
4543
3084
4617
1349
1337
3420
148
1772
925
870
4813
4685
3322
4757
3124
332
4658
1031
4068
2520
3065
1338
1794
1258
3743
1719
4305
4057
1309
4667
4095
4980
1218
2375
859
746
491
1053
4461
4145
2172
4822
4857
4086
3799
1181
2867
3675
4050
3980
2946
3262
4808
2175
2606
1379
1050
328
1321
485
2015
2967
3992
4516
3967
3946
2131
1475
3236
1389
972
4817
1804
1637
3474
3678
2724
355
4222
1157
4240
3091
3122
3869
2915
1524
2897
443
3167
3310
1713
3032
1200
2681
1242
1595
3767
738
1528
790
4161
2757
1296
2471
946
1087
818
141
2862
1746
711
2154
1426
511
1400
374
4021
2959
48
341
2623
3535
4669
3157
204
1867
497
3794
19
1406
3363
3225
4302
1882
3843
145
1131
2360
3563
56
655
4958
4306
3240
737
3642
2511
1972
2977
3901
2456
2803
1988
1453
1771
2236
1412
11
3672
973
557
2582
2731
4631
3592
2558
1409
953
2556
3251
2729
1396
3431
1302
3905
4773
1802
3503
3498
1143
1702
4708
4184
964
1536
3444
3711
1434
3428
274
4209
3807
3463
1438
4569
917
3244
3971
354
1244
3587
3203
2923
3376
4706
1509
1607
4495
1840
4231
4629
3496
3451
877
4626
103
4194
1532
3963
2170
4571
1953
1912
1686
4092
4361
575
4972
1384
513
723
1761
2056
4439
188
2110
4647
4929
598
1190
4733
4074
3977
271
3604
2250
3606
2616
3152
1252
2840
3169
2492
4947
3218
3373
2580
4175
4725
3913
229
80
3375
1813
4900
3736
2887
1407
4560
4879
3850
3226
1056
3008
2659
2699
3888
3700
4816
437
248
2780
2048
2085
2063
2446
2625
1583
3667
4689
2541
4661
2684
2750
3359
4440
1355
4901
4769
1881
2951
2585
1917
4160
1135
688
3838
1470
1423
54
140
4782
2328
853
4761
2542
3421
3015
869
1268
465
4601
3605
2634
461
3556
3533
4981
3300
2038
2798
4668
1837
1911
3965
1380
2872
3802
4196
3206
1557
149
1934
346
147
3139
2751
4376
2347
173
879
1722
4109
2196
743
2817
4525
3790
902
4432
993
4835
223
3077
4316
3397
3639
4941
3219
3031
2215
4607
3194
1455
1839
3096
191
2678
848
2217
4143
2225
4606
2927
3111
547
3793

