74282
71872
86185
26992
20022
61283
56865
27879
93821
69008
84933
59713
5854
39537
16238
8831
53311
14705
19230
84424
61404
18849
87370
91588
43212
73471
86743
65940
83302
10903
21850
11617
1923
47924
40333
68600
39866
90084
75913
19966
98640
16166
58319
1987
50095
40705
30109
54458
87127
91873
31923
1997
92328
48302
58181
72500
94128
33393
77346
24748
55746
13248
41606
67237
10211
31195
76053
672
5223
40718
62534
1695
99072
16282
9935
91606
86032
74775
18487
58417
52347
75264
95247
51626
12895
17982
52236
96850
84495
94713
86040
50995
9505
7918
65311
62321
12591
19131
69309
6960
94975
16737
25278
61568
47726
23380
91731
1615
55075
28869
32846
51556
46725
88468
96483
27430
42234
85055
33103
29075
9208
64558
73755
41640
47977
75000
30781
65473
17804
33910
65195
82111
84062
40318
28326
44161
67097
19806
13834
8567
21700
6153
95717
53942
56790
88639
57659
8573
7487
29360
79932
22424
5436
94031
19696
28376
26322
85381
29432
57435
74619
69303
449
57174
26430
9462
21954
55655
2558
45854
86709
40702
37147
97959
6097
95930
63005
50460
14453
56463
22441
49663
69626
7942
5721
55936
56288
68810
38004
28376
7745
50693
14899
49017
42101
20538
89656
57026
64376
16319
58335
1729
28199
5323
55658
52917
91417
27771
10731
40324
57979
53162
95352
70226
43700
80398
27447
30115
36745
49265
63627
2862
87771
20311
85605
33740
48107
45230
30574
41188
80491
37916
34782
95387
62000
92293
63238
63489
42112
49212
14919
40402
45029
60640
21462
54756
92677
59773
74770
16472
42240
5875
4951
89229
5483
71223
64114
2030
17829
23053
56980
68072
70858
63749
68458
58407
2155
33929
31427
58308
53570
36239
75439
28878
22812
28679
14314
35079
20746
66860
32547
27082
7435
10707
68516
7543
71177
85886
54583
68088
54262
33091
35692
83834
13151
41812
91966
6584
128
17849
62936
44530
70803
82023
34010
11914
49482
70416
55156
93826
41303
66394
21470
10194
64596
23599
95024
57878
7057
32606
38134
3638
4893
66202
46675
12565
32114
40725
37249
7126
26574
37443
3870
85163
461
10361
56011
68934
1931
42637
42836
25026
20286
96980
91118
29723
44586
68513
79558
70843
81331
17237
25820
23733
36275
32066
31162
52707
89117
29421
40415
7706
38509
34561
21883
46248
58989
27151
45784
99471
48363
74789
36837
86769
16245
59363
91507
37967
44372
76211
40243
30473
78332
51286
36602
78152
29782
84208
26222
18670
9858
86602
82229
41126
28031
27562
55084
33891
34273
75646
47364
40867
26726
3480
67883
51378
74002
48613
51559
74680
5643
28391
86173
42014
63684
82981
83491
72262
32948
99531
16547
48970
69972
73816
43092
79568
65636
97970
52818
99903
58298
92109
78426
83689
8024
31762
35261
926
65789
45859
78729
52141
14867
69855
25403
39272
45202
63514
51284
34021
9039
26612
18056
48129
79923
58239
16220
59632
53344
27471
26623
56359
92152
47585
88392
87486
29719
4557
28620
71454
94095
26253
20587
20199
86308
1996
23791
84535
31561
13996
49396
30854
1298
86401
58169
16293
28698
97488
5611
10242
19538
12886
73654
12796
40538
30527
89436
30007
64511
18051
23
40293
25595
67127
40278
67198
48209
80766
12571
43822
92500
11219
89506
84147
60594
5372
48844
50842
93041
90584
82620
61211
1294
54317
1719
15692
52774
84574
45856
20469
63459
94617
24218
54547
30733
70125
45986
85514
72065
25616
38790
1597
36396
20775
23191
26136
35343
8115
70934
95609
29715
84596
75762
59014
69427
95797
24783
78064
63375
93391
85584
28741
35710
40131
25496
8258
40404
47084
31076
58012
3960
56600
73425
90228
55182
44080
8481
86693
71679
61890
85233
81618
14351
58423
45005
38997
50114
65476
51887
32022
65059
60337
37269
75426
84657
59043
67183
32951
6061
78781
86701
86247
46648
91139
98113
63607
33029
78776
46214
8382
98169
18972
8728
18741
53768
31886
33968
9811
592
44473
41260
1619
20929
23336
36156
85614
4442
98173
66204
60342
20094
54967
7315
19796
55506
28223
68
85226
32318
54685
21457
6207
44348
67498
4804
24962
92964
9591
79012
75266
59866
84857
74000
21900
84590
16271
3338
37599
35445
27254
80945
82035
13707
19142
96215
92437
67917
4599
60883
71740
68604
74930
35066
82351
56440
72023
66401
63039
46973
15468
24496
66735
94631
1006
89261
35387
73386
47064
6228
9492
35153
55396
27373
64283
18028
35925
45789
55500
61613
1058
66537
55101
88312
90132
5878
82751
82352
3929
85704
84926
89162
79616
87735
56350
49305
68816
31463
49773
52180
68633
13614
51993
87269
639
98928
93306
93249
7762
5100
14823
76486
31884
10747
35013
98403
83964
50339
60489
36214
11149
81659
59569
75469
1259
21189
71921
56225
38182
18272
94621
87108
28912
67530
48471
49711
70581
24715
38080
82825
47710
69976
65091
37702
52745
20014
66577
72416
5272
67751
85598
94974
18156
41155
26856
40505
18283
98163
39502
14964
49582
23402
20532
4017
73116
32865
38947
50453
67268
15334
35148
8285
38338
34253
51965
43140
57030
19317
35515
86489
98949
74477
96348
65261
10243
20899
68812
50406
80117
27575
40570
69411
13835
20006
31458
31589
55956
19838
5819
27782
26435
80481
72519
25231
71049
75918
10895
10404
57541
67092
90686
1768
26756
60688
81237
17195
79739
52454
28703
74531
3146
51815
84262
623
91390
60388
47774
49293
25861
70287
60931
37461
41425
82975
88870
43073
89757
66714
53392
73017
48867
15281
33865
24846
59485
45679
38534
92963
67251
75292
79852
4055
2404
34504
95730
10666
13697
27028
98462
38117
20840
9938
85868
33220
8864
55470
65616
27090
40460
73572
5385
81187
87769
77244
82483
41615
12497
31711
46833
91838
77796
31285
13428
59401
92710
45899
99189
20143
39631
18583
51883
35962
15008
98263
20037
9942
50215
95647
20742
62787
9658
66576
29903
5630
82540
51110
25087
1405
80889
55484
39522
91502
56280
85644
23321
99361
20613
3475
43413
70690
96387
97590
29920
4475
23350
72969
21869
54354
751
85493
84527
20490
34435
51727
1815
56583
72276
53135
27256
34582
10757
29967
51264
36864
23807
12085
17924
28797
95493
67371
39078
14127
63949
3122
5183
57378
21434
83420
35007
62033
97813
72980
48952
35981
57480
49468
48839
73244
28811
48059
39803
21393
13443
34456
73323
34010
93584
68459
14440
41594
81969
34306